Iteration	 Training error	 Validation error 
1	0.289116	0
2	0.234467	0
3	0.220051	0
4	0.214199	0
5	0.209217	0
6	0.205363	0
7	0.202443	0
8	0.200105	0
9	0.198192	0
10	0.196612	0
11	0.195295	0
12	0.194184	0
13	0.193238	0
14	0.192422	0
15	0.191712	0
16	0.191089	0
17	0.190537	0
18	0.190044	0
19	0.189601	0
20	0.189201	0
21	0.188837	0
22	0.188504	0
23	0.188199	0
24	0.187917	0
25	0.187657	0
26	0.187414	0
27	0.187189	0
28	0.186978	0
29	0.18678	0
30	0.186595	0
31	0.186419	0
32	0.186254	0
33	0.186097	0
34	0.185949	0
35	0.185807	0
36	0.185673	0
37	0.185545	0
38	0.185422	0
39	0.185304	0
40	0.185192	0
41	0.185083	0
42	0.184979	0
43	0.184879	0
44	0.184782	0
45	0.184689	0
46	0.184598	0
47	0.184511	0
48	0.184426	0
49	0.184344	0
50	0.184264	0
51	0.184186	0
52	0.184111	0
53	0.184037	0
54	0.183965	0
55	0.183895	0
56	0.183827	0
57	0.18376	0
58	0.183695	0
59	0.183631	0
60	0.183568	0
61	0.183507	0
62	0.183447	0
63	0.183388	0
64	0.183331	0
65	0.183274	0
66	0.183218	0
67	0.183164	0
68	0.18311	0
69	0.183057	0
70	0.183005	0
71	0.182954	0
72	0.182904	0
73	0.182855	0
74	0.182806	0
75	0.182758	0
76	0.182711	0
77	0.182665	0
78	0.182619	0
79	0.182574	0
80	0.18253	0
81	0.182486	0
82	0.182443	0
83	0.1824	0
84	0.182358	0
85	0.182316	0
86	0.182275	0
87	0.182235	0
88	0.182195	0
89	0.182155	0
90	0.182116	0
91	0.182077	0
92	0.182039	0
93	0.182001	0
94	0.181964	0
95	0.181927	0
96	0.18189	0
97	0.181854	0
98	0.181817	0
99	0.181782	0
100	0.181746	0
101	0.181711	0
102	0.181677	0
103	0.181642	0
104	0.181608	0
105	0.181574	0
106	0.18154	0
107	0.181507	0
108	0.181473	0
109	0.18144	0
110	0.181408	0
111	0.181375	0
112	0.181343	0
113	0.18131	0
114	0.181278	0
115	0.181246	0
116	0.181215	0
117	0.181183	0
118	0.181152	0
119	0.181121	0
120	0.18109	0
121	0.181059	0
122	0.181028	0
123	0.180997	0
124	0.180967	0
125	0.180937	0
126	0.180906	0
127	0.180876	0
128	0.180847	0
129	0.180817	0
130	0.180787	0
131	0.180758	0
132	0.180729	0
133	0.1807	0
134	0.180671	0
135	0.180642	0
136	0.180613	0
137	0.180585	0
138	0.180556	0
139	0.180528	0
140	0.1805	0
141	0.180472	0
142	0.180445	0
143	0.180417	0
144	0.18039	0
145	0.180363	0
146	0.180336	0
147	0.18031	0
148	0.180283	0
149	0.180257	0
150	0.180231	0
151	0.180206	0
152	0.18018	0
153	0.180155	0
154	0.18013	0
155	0.180105	0
156	0.18008	0
157	0.180056	0
158	0.180032	0
159	0.180008	0
160	0.179984	0
161	0.179961	0
162	0.179938	0
163	0.179915	0
164	0.179892	0
165	0.17987	0
166	0.179848	0
167	0.179826	0
168	0.179804	0
169	0.179783	0
170	0.179762	0
171	0.179741	0
172	0.17972	0
173	0.1797	0
174	0.17968	0
175	0.17966	0
176	0.17964	0
177	0.179621	0
178	0.179602	0
179	0.179583	0
180	0.179564	0
181	0.179546	0
182	0.179527	0
183	0.179509	0
184	0.179492	0
185	0.179474	0
186	0.179457	0
187	0.17944	0
188	0.179423	0
189	0.179406	0
190	0.17939	0
191	0.179373	0
192	0.179357	0
193	0.179341	0
194	0.179326	0
195	0.17931	0
196	0.179295	0
197	0.17928	0
198	0.179265	0
199	0.179251	0
200	0.179236	0
201	0.179222	0
202	0.179208	0
203	0.179194	0
204	0.17918	0
205	0.179166	0
206	0.179153	0
207	0.17914	0
208	0.179126	0
209	0.179114	0
210	0.179101	0
211	0.179088	0
212	0.179076	0
213	0.179063	0
214	0.179051	0
215	0.179039	0
216	0.179027	0
217	0.179015	0
218	0.179004	0
219	0.178992	0
220	0.178981	0
221	0.17897	0
222	0.178959	0
223	0.178948	0
224	0.178937	0
225	0.178926	0
226	0.178916	0
227	0.178905	0
228	0.178895	0
229	0.178884	0
230	0.178874	0
231	0.178864	0
232	0.178854	0
233	0.178845	0
234	0.178835	0
235	0.178825	0
236	0.178816	0
237	0.178806	0
238	0.178797	0
239	0.178788	0
240	0.178779	0
241	0.17877	0
242	0.178761	0
243	0.178752	0
244	0.178743	0
245	0.178735	0
246	0.178726	0
247	0.178718	0
248	0.178709	0
249	0.178701	0
250	0.178693	0
251	0.178684	0
252	0.178676	0
253	0.178668	0
254	0.17866	0
255	0.178652	0
256	0.178645	0
257	0.178637	0
258	0.178629	0
259	0.178622	0
260	0.178614	0
261	0.178607	0
262	0.178599	0
263	0.178592	0
264	0.178585	0
265	0.178577	0
266	0.17857	0
267	0.178563	0
268	0.178556	0
269	0.178549	0
270	0.178542	0
271	0.178535	0
272	0.178528	0
273	0.178521	0
274	0.178515	0
275	0.178508	0
276	0.178501	0
277	0.178495	0
278	0.178488	0
279	0.178482	0
280	0.178475	0
281	0.178469	0
282	0.178462	0
283	0.178456	0
284	0.17845	0
285	0.178443	0
286	0.178437	0
287	0.178431	0
288	0.178425	0
289	0.178419	0
290	0.178413	0
291	0.178407	0
292	0.178401	0
293	0.178394	0
294	0.178389	0
295	0.178383	0
296	0.178377	0
297	0.178371	0
298	0.178365	0
299	0.178359	0
300	0.178353	0
301	0.178347	0
302	0.178342	0
303	0.178336	0
304	0.17833	0
305	0.178324	0
306	0.178319	0
307	0.178313	0
308	0.178307	0
309	0.178302	0
310	0.178296	0
311	0.17829	0
312	0.178285	0
313	0.178279	0
314	0.178273	0
315	0.178268	0
316	0.178262	0
317	0.178256	0
318	0.178251	0
319	0.178245	0
320	0.178239	0
321	0.178234	0
322	0.178228	0
323	0.178222	0
324	0.178217	0
325	0.178211	0
326	0.178205	0
327	0.1782	0
328	0.178194	0
329	0.178188	0
330	0.178182	0
331	0.178177	0
332	0.178171	0
333	0.178165	0
334	0.178159	0
335	0.178153	0
336	0.178147	0
337	0.178141	0
338	0.178135	0
339	0.178129	0
340	0.178123	0
341	0.178117	0
342	0.178111	0
343	0.178104	0
344	0.178098	0
345	0.178092	0
346	0.178085	0
347	0.178079	0
348	0.178072	0
349	0.178065	0
350	0.178059	0
351	0.178052	0
352	0.178045	0
353	0.178038	0
354	0.17803	0
355	0.178023	0
356	0.178016	0
357	0.178008	0
358	0.178	0
359	0.177993	0
360	0.177985	0
361	0.177976	0
362	0.177968	0
363	0.177959	0
364	0.177951	0
365	0.177942	0
366	0.177933	0
367	0.177923	0
368	0.177914	0
369	0.177904	0
370	0.177894	0
371	0.177883	0
372	0.177873	0
373	0.177862	0
374	0.17785	0
375	0.177839	0
376	0.177827	0
377	0.177814	0
378	0.177801	0
379	0.177788	0
380	0.177774	0
381	0.17776	0
382	0.177745	0
383	0.17773	0
384	0.177714	0
385	0.177697	0
386	0.17768	0
387	0.177662	0
388	0.177644	0
389	0.177625	0
390	0.177605	0
391	0.177584	0
392	0.177562	0
393	0.17754	0
394	0.177517	0
395	0.177493	0
396	0.177468	0
397	0.177442	0
398	0.177415	0
399	0.177388	0
400	0.177359	0
401	0.17733	0
402	0.1773	0
403	0.17727	0
404	0.177238	0
405	0.177207	0
406	0.177175	0
407	0.177142	0
408	0.17711	0
409	0.177077	0
410	0.177044	0
411	0.177012	0
412	0.17698	0
413	0.176948	0
414	0.176917	0
415	0.176886	0
416	0.176857	0
417	0.176828	0
418	0.176799	0
419	0.176772	0
420	0.176746	0
421	0.17672	0
422	0.176695	0
423	0.176671	0
424	0.176648	0
425	0.176625	0
426	0.176604	0
427	0.176583	0
428	0.176562	0
429	0.176542	0
430	0.176523	0
431	0.176505	0
432	0.176486	0
433	0.176469	0
434	0.176451	0
435	0.176435	0
436	0.176418	0
437	0.176402	0
438	0.176386	0
439	0.176371	0
440	0.176356	0
441	0.176341	0
442	0.176327	0
443	0.176313	0
444	0.176299	0
445	0.176286	0
446	0.176272	0
447	0.176259	0
448	0.176247	0
449	0.176234	0
450	0.176222	0
451	0.17621	0
452	0.176198	0
453	0.176187	0
454	0.176175	0
455	0.176164	0
456	0.176153	0
457	0.176142	0
458	0.176132	0
459	0.176121	0
460	0.176111	0
461	0.176101	0
462	0.176091	0
463	0.176081	0
464	0.176072	0
465	0.176062	0
466	0.176053	0
467	0.176044	0
468	0.176035	0
469	0.176026	0
470	0.176018	0
471	0.176009	0
472	0.176001	0
473	0.175992	0
474	0.175984	0
475	0.175976	0
476	0.175968	0
477	0.175961	0
478	0.175953	0
479	0.175945	0
480	0.175938	0
481	0.175931	0
482	0.175923	0
483	0.175916	0
484	0.175909	0
485	0.175902	0
486	0.175895	0
487	0.175889	0
488	0.175882	0
489	0.175875	0
490	0.175869	0
491	0.175862	0
492	0.175856	0
493	0.17585	0
494	0.175844	0
495	0.175838	0
496	0.175832	0
497	0.175826	0
498	0.17582	0
499	0.175814	0
500	0.175809	0
501	0.175803	0
502	0.175797	0
503	0.175792	0
504	0.175786	0
505	0.175781	0
506	0.175776	0
507	0.175771	0
508	0.175765	0
509	0.17576	0
510	0.175755	0
511	0.17575	0
512	0.175745	0
513	0.17574	0
514	0.175736	0
515	0.175731	0
516	0.175726	0
517	0.175721	0
518	0.175717	0
519	0.175712	0
520	0.175708	0
521	0.175703	0
522	0.175699	0
523	0.175694	0
524	0.17569	0
525	0.175686	0
526	0.175682	0
527	0.175677	0
528	0.175673	0
529	0.175669	0
530	0.175665	0
531	0.175661	0
532	0.175657	0
533	0.175653	0
534	0.175649	0
535	0.175645	0
536	0.175641	0
537	0.175638	0
538	0.175634	0
539	0.17563	0
540	0.175626	0
541	0.175623	0
542	0.175619	0
543	0.175615	0
544	0.175612	0
545	0.175608	0
546	0.175605	0
547	0.175601	0
548	0.175598	0
549	0.175595	0
550	0.175591	0
551	0.175588	0
552	0.175585	0
553	0.175581	0
554	0.175578	0
555	0.175575	0
556	0.175572	0
557	0.175568	0
558	0.175565	0
559	0.175562	0
560	0.175559	0
561	0.175556	0
562	0.175553	0
563	0.17555	0
564	0.175547	0
565	0.175544	0
566	0.175541	0
567	0.175538	0
568	0.175535	0
569	0.175532	0
570	0.175529	0
571	0.175527	0
572	0.175524	0
573	0.175521	0
574	0.175518	0
575	0.175515	0
576	0.175513	0
577	0.17551	0
578	0.175507	0
579	0.175505	0
580	0.175502	0
581	0.175499	0
582	0.175497	0
583	0.175494	0
584	0.175492	0
585	0.175489	0
586	0.175487	0
587	0.175484	0
588	0.175482	0
589	0.175479	0
590	0.175477	0
591	0.175474	0
592	0.175472	0
593	0.175469	0
594	0.175467	0
595	0.175465	0
596	0.175462	0
597	0.17546	0
598	0.175458	0
599	0.175455	0
600	0.175453	0
601	0.175451	0
602	0.175448	0
603	0.175446	0
604	0.175444	0
605	0.175442	0
606	0.17544	0
607	0.175437	0
608	0.175435	0
609	0.175433	0
610	0.175431	0
611	0.175429	0
612	0.175427	0
613	0.175425	0
614	0.175422	0
615	0.17542	0
616	0.175418	0
617	0.175416	0
618	0.175414	0
619	0.175412	0
620	0.17541	0
621	0.175408	0
622	0.175406	0
623	0.175404	0
624	0.175402	0
625	0.1754	0
626	0.175398	0
627	0.175396	0
628	0.175395	0
629	0.175393	0
630	0.175391	0
631	0.175389	0
632	0.175387	0
633	0.175385	0
634	0.175383	0
635	0.175381	0
636	0.17538	0
637	0.175378	0
638	0.175376	0
639	0.175374	0
640	0.175372	0
641	0.175371	0
642	0.175369	0
643	0.175367	0
644	0.175365	0
645	0.175364	0
646	0.175362	0
647	0.17536	0
648	0.175358	0
649	0.175357	0
650	0.175355	0
651	0.175353	0
652	0.175352	0
653	0.17535	0
654	0.175348	0
655	0.175347	0
656	0.175345	0
657	0.175344	0
658	0.175342	0
659	0.17534	0
660	0.175339	0
661	0.175337	0
662	0.175336	0
663	0.175334	0
664	0.175332	0
665	0.175331	0
666	0.175329	0
667	0.175328	0
668	0.175326	0
669	0.175325	0
670	0.175323	0
671	0.175322	0
672	0.17532	0
673	0.175319	0
674	0.175317	0
675	0.175316	0
676	0.175314	0
677	0.175313	0
678	0.175311	0
679	0.17531	0
680	0.175308	0
681	0.175307	0
682	0.175306	0
683	0.175304	0
684	0.175303	0
685	0.175301	0
686	0.1753	0
687	0.175299	0
688	0.175297	0
689	0.175296	0
690	0.175294	0
691	0.175293	0
692	0.175292	0
693	0.17529	0
694	0.175289	0
695	0.175288	0
696	0.175286	0
697	0.175285	0
698	0.175284	0
699	0.175282	0
700	0.175281	0
701	0.17528	0
702	0.175278	0
703	0.175277	0
704	0.175276	0
705	0.175275	0
706	0.175273	0
707	0.175272	0
708	0.175271	0
709	0.17527	0
710	0.175268	0
711	0.175267	0
712	0.175266	0
713	0.175265	0
714	0.175263	0
715	0.175262	0
716	0.175261	0
717	0.17526	0
718	0.175258	0
719	0.175257	0
720	0.175256	0
721	0.175255	0
722	0.175254	0
723	0.175253	0
724	0.175251	0
725	0.17525	0
726	0.175249	0
727	0.175248	0
728	0.175247	0
729	0.175246	0
730	0.175244	0
731	0.175243	0
732	0.175242	0
733	0.175241	0
734	0.17524	0
735	0.175239	0
736	0.175238	0
737	0.175237	0
738	0.175235	0
739	0.175234	0
740	0.175233	0
741	0.175232	0
742	0.175231	0
743	0.17523	0
744	0.175229	0
745	0.175228	0
746	0.175227	0
747	0.175226	0
748	0.175225	0
749	0.175224	0
750	0.175223	0
751	0.175221	0
752	0.17522	0
753	0.175219	0
754	0.175218	0
755	0.175217	0
756	0.175216	0
757	0.175215	0
758	0.175214	0
759	0.175213	0
760	0.175212	0
761	0.175211	0
762	0.17521	0
763	0.175209	0
764	0.175208	0
765	0.175207	0
766	0.175206	0
767	0.175205	0
768	0.175204	0
769	0.175203	0
770	0.175202	0
771	0.175201	0
772	0.1752	0
773	0.175199	0
774	0.175199	0
775	0.175198	0
776	0.175197	0
777	0.175196	0
778	0.175195	0
779	0.175194	0
780	0.175193	0
781	0.175192	0
782	0.175191	0
783	0.17519	0
784	0.175189	0
785	0.175188	0
786	0.175187	0
787	0.175186	0
788	0.175186	0
789	0.175185	0
790	0.175184	0
791	0.175183	0
792	0.175182	0
793	0.175181	0
794	0.17518	0
795	0.175179	0
796	0.175178	0
797	0.175177	0
798	0.175177	0
799	0.175176	0
800	0.175175	0
801	0.175174	0
802	0.175173	0
803	0.175172	0
804	0.175171	0
805	0.175171	0
806	0.17517	0
807	0.175169	0
808	0.175168	0
809	0.175167	0
810	0.175166	0
811	0.175166	0
812	0.175165	0
813	0.175164	0
814	0.175163	0
815	0.175162	0
816	0.175161	0
817	0.175161	0
818	0.17516	0
819	0.175159	0
820	0.175158	0
821	0.175157	0
822	0.175157	0
823	0.175156	0
824	0.175155	0
825	0.175154	0
826	0.175153	0
827	0.175153	0
828	0.175152	0
829	0.175151	0
830	0.17515	0
831	0.175149	0
832	0.175149	0
833	0.175148	0
834	0.175147	0
835	0.175146	0
836	0.175146	0
837	0.175145	0
838	0.175144	0
839	0.175143	0
840	0.175143	0
841	0.175142	0
842	0.175141	0
843	0.17514	0
844	0.17514	0
845	0.175139	0
846	0.175138	0
847	0.175137	0
848	0.175137	0
849	0.175136	0
850	0.175135	0
851	0.175134	0
852	0.175134	0
853	0.175133	0
854	0.175132	0
855	0.175132	0
856	0.175131	0
857	0.17513	0
858	0.175129	0
859	0.175129	0
860	0.175128	0
861	0.175127	0
862	0.175127	0
863	0.175126	0
864	0.175125	0
865	0.175124	0
866	0.175124	0
867	0.175123	0
868	0.175122	0
869	0.175122	0
870	0.175121	0
871	0.17512	0
872	0.17512	0
873	0.175119	0
874	0.175118	0
875	0.175118	0
876	0.175117	0
877	0.175116	0
878	0.175116	0
879	0.175115	0
880	0.175114	0
881	0.175114	0
882	0.175113	0
883	0.175112	0
884	0.175112	0
885	0.175111	0
886	0.17511	0
887	0.17511	0
888	0.175109	0
889	0.175108	0
890	0.175108	0
891	0.175107	0
892	0.175106	0
893	0.175106	0
894	0.175105	0
895	0.175105	0
896	0.175104	0
897	0.175103	0
898	0.175103	0
899	0.175102	0
900	0.175101	0
901	0.175101	0
902	0.1751	0
903	0.1751	0
904	0.175099	0
905	0.175098	0
906	0.175098	0
907	0.175097	0
908	0.175096	0
909	0.175096	0
910	0.175095	0
911	0.175095	0
912	0.175094	0
913	0.175093	0
914	0.175093	0
915	0.175092	0
916	0.175092	0
917	0.175091	0
918	0.17509	0
919	0.17509	0
920	0.175089	0
921	0.175089	0
922	0.175088	0
923	0.175087	0
924	0.175087	0
925	0.175086	0
926	0.175086	0
927	0.175085	0
928	0.175085	0
929	0.175084	0
930	0.175083	0
931	0.175083	0
932	0.175082	0
933	0.175082	0
934	0.175081	0
935	0.175081	0
936	0.17508	0
937	0.175079	0
938	0.175079	0
939	0.175078	0
940	0.175078	0
941	0.175077	0
942	0.175077	0
943	0.175076	0
944	0.175076	0
945	0.175075	0
946	0.175074	0
947	0.175074	0
948	0.175073	0
949	0.175073	0
950	0.175072	0
951	0.175072	0
952	0.175071	0
953	0.175071	0
954	0.17507	0
955	0.17507	0
956	0.175069	0
957	0.175069	0
958	0.175068	0
959	0.175067	0
960	0.175067	0
961	0.175066	0
962	0.175066	0
963	0.175065	0
964	0.175065	0
965	0.175064	0
966	0.175064	0
967	0.175063	0
968	0.175063	0
969	0.175062	0
970	0.175062	0
971	0.175061	0
972	0.175061	0
973	0.17506	0
974	0.17506	0
975	0.175059	0
976	0.175059	0
977	0.175058	0
978	0.175058	0
979	0.175057	0
980	0.175057	0
981	0.175056	0
982	0.175056	0
983	0.175055	0
984	0.175055	0
985	0.175054	0
986	0.175054	0
987	0.175053	0
988	0.175053	0
989	0.175052	0
990	0.175052	0
991	0.175051	0
992	0.175051	0
993	0.17505	0
994	0.17505	0
995	0.175049	0
996	0.175049	0
997	0.175048	0
998	0.175048	0
999	0.175047	0
1000	0.175047	0