Iteration	 Training error	 Validation error 
1	1.39111	0
2	1.4031	0
3	1.13812	0
4	0.344045	0
5	0.346556	0
6	0.346436	0
7	0.346119	0
8	0.329221	0
9	0.301974	0
10	0.325339	0
11	0.326764	0
12	0.326247	0
13	0.3204	0
14	0.322845	0
15	0.343012	0
16	0.338304	0
17	0.181203	0
18	0.172537	0
19	0.172393	0
20	0.172309	0
21	0.172252	0
22	0.172211	0
23	0.172179	0
24	0.172153	0
25	0.172131	0
26	0.172112	0
27	0.172096	0
28	0.172081	0
29	0.172068	0
30	0.172056	0
31	0.172044	0
32	0.172032	0
33	0.17202	0
34	0.172008	0
35	0.171994	0
36	0.171979	0
37	0.17196	0
38	0.171936	0
39	0.171901	0
40	0.171841	0
41	0.171708	0
42	0.17113	0
43	0.0025347	0
44	0.00100677	0
45	0.000670262	0
46	0.00050457	0
47	0.000404851	0
48	0.000338274	0
49	0.000290686	0
50	0.000254973	0
51	0.000227175	0
52	0.000204915	0
53	0.000186682	0
54	0.00017147	0
55	0.000158582	0
56	0.000147521	0
57	0.000137922	0
58	0.000129511	0
59	0.00012208	0
60	0.000115467	0
61	0.000109542	0
62	0.000104203	0
63	9.93661e-05	0
64	9.4964e-05	0
65	9.09401e-05	0
66	8.72473e-05	0
67	8.38463e-05	0
68	8.07035e-05	0
69	7.77905e-05	0
70	7.50829e-05	0
71	7.25595e-05	0
72	7.02021e-05	0
73	6.79948e-05	0
74	6.59236e-05	0
75	6.39761e-05	0
76	6.21417e-05	0
77	6.04107e-05	0
78	5.87745e-05	0
79	5.72255e-05	0
80	5.57569e-05	0
81	5.43626e-05	0
82	5.3037e-05	0
83	5.17752e-05	0
84	5.05726e-05	0
85	4.94252e-05	0
86	4.83292e-05	0
87	4.72813e-05	0
88	4.62782e-05	0
89	4.53173e-05	0
90	4.43958e-05	0
91	4.35114e-05	0
92	4.26619e-05	0
93	4.18452e-05	0
94	4.10595e-05	0
95	4.0303e-05	0
96	3.95742e-05	0
97	3.88715e-05	0
98	3.81935e-05	0
99	3.7539e-05	0
100	3.69067e-05	0
101	3.62956e-05	0
102	3.57045e-05	0
103	3.51326e-05	0
104	3.45789e-05	0
105	3.40425e-05	0
106	3.35226e-05	0
107	3.30185e-05	0
108	3.25294e-05	0
109	3.20548e-05	0
110	3.15939e-05	0
111	3.11462e-05	0
112	3.07111e-05	0
113	3.02881e-05	0
114	2.98767e-05	0
115	2.94764e-05	0
116	2.90868e-05	0
117	2.87074e-05	0
118	2.83379e-05	0
119	2.79778e-05	0
120	2.76268e-05	0
121	2.72846e-05	0
122	2.69509e-05	0
123	2.66252e-05	0
124	2.63074e-05	0
125	2.59972e-05	0
126	2.56943e-05	0
127	2.53983e-05	0
128	2.51092e-05	0
129	2.48266e-05	0
130	2.45504e-05	0
131	2.42803e-05	0
132	2.40161e-05	0
133	2.37576e-05	0
134	2.35047e-05	0
135	2.32571e-05	0
136	2.30148e-05	0
137	2.27774e-05	0
138	2.2545e-05	0
139	2.23173e-05	0
140	2.20941e-05	0
141	2.18755e-05	0
142	2.16611e-05	0
143	2.14509e-05	0
144	2.12448e-05	0
145	2.10426e-05	0
146	2.08443e-05	0
147	2.06497e-05	0
148	2.04587e-05	0
149	2.02713e-05	0
150	2.00873e-05	0
151	1.99066e-05	0
152	1.97291e-05	0
153	1.95548e-05	0
154	1.93836e-05	0
155	1.92154e-05	0
156	1.90501e-05	0
157	1.88876e-05	0
158	1.87279e-05	0
159	1.85709e-05	0
160	1.84165e-05	0
161	1.82646e-05	0
162	1.81153e-05	0
163	1.79684e-05	0
164	1.78239e-05	0
165	1.76817e-05	0
166	1.75418e-05	0
167	1.7404e-05	0
168	1.72685e-05	0
169	1.7135e-05	0
170	1.70036e-05	0
171	1.68742e-05	0
172	1.67468e-05	0
173	1.66213e-05	0
174	1.64977e-05	0
175	1.63759e-05	0
176	1.62559e-05	0
177	1.61377e-05	0
178	1.60212e-05	0
179	1.59063e-05	0
180	1.57931e-05	0
181	1.56816e-05	0
182	1.55715e-05	0
183	1.54631e-05	0
184	1.53561e-05	0
185	1.52506e-05	0
186	1.51466e-05	0
187	1.5044e-05	0
188	1.49427e-05	0
189	1.48429e-05	0
190	1.47443e-05	0
191	1.46471e-05	0
192	1.45511e-05	0
193	1.44565e-05	0
194	1.4363e-05	0
195	1.42707e-05	0
196	1.41797e-05	0
197	1.40897e-05	0
198	1.4001e-05	0
199	1.39133e-05	0
200	1.38268e-05	0
201	1.37413e-05	0
202	1.36568e-05	0
203	1.35734e-05	0
204	1.34911e-05	0
205	1.34097e-05	0
206	1.33293e-05	0
207	1.32499e-05	0
208	1.31714e-05	0
209	1.30938e-05	0
210	1.30172e-05	0
211	1.29414e-05	0
212	1.28665e-05	0
213	1.27925e-05	0
214	1.27194e-05	0
215	1.26471e-05	0
216	1.25756e-05	0
217	1.25049e-05	0
218	1.2435e-05	0
219	1.23659e-05	0
220	1.22975e-05	0
221	1.22299e-05	0
222	1.21631e-05	0
223	1.2097e-05	0
224	1.20316e-05	0
225	1.19669e-05	0
226	1.19029e-05	0
227	1.18395e-05	0
228	1.17769e-05	0
229	1.17149e-05	0
230	1.16536e-05	0
231	1.15929e-05	0
232	1.15328e-05	0
233	1.14734e-05	0
234	1.14146e-05	0
235	1.13564e-05	0
236	1.12987e-05	0
237	1.12417e-05	0
238	1.11852e-05	0
239	1.11293e-05	0
240	1.1074e-05	0
241	1.10192e-05	0
242	1.09649e-05	0
243	1.09112e-05	0
244	1.0858e-05	0
245	1.08054e-05	0
246	1.07532e-05	0
247	1.07015e-05	0
248	1.06504e-05	0
249	1.05997e-05	0
250	1.05495e-05	0
251	1.04998e-05	0
252	1.04506e-05	0
253	1.04018e-05	0
254	1.03534e-05	0
255	1.03055e-05	0
256	1.02581e-05	0
257	1.02111e-05	0
258	1.01645e-05	0
259	1.01184e-05	0
260	1.00726e-05	0
261	1.00273e-05	0
262	9.98242e-06	0
263	9.93791e-06	0
264	9.8938e-06	0
265	9.85008e-06	0
266	9.80674e-06	0
267	9.76379e-06	0
268	9.72121e-06	0
269	9.679e-06	0
270	9.63716e-06	0
271	9.59569e-06	0
272	9.55456e-06	0
273	9.51379e-06	0
274	9.47337e-06	0
275	9.43329e-06	0
276	9.39355e-06	0
277	9.35415e-06	0
278	9.31507e-06	0
279	9.27632e-06	0
280	9.2379e-06	0
281	9.19979e-06	0
282	9.162e-06	0
283	9.12451e-06	0
284	9.08733e-06	0
285	9.05046e-06	0
286	9.01388e-06	0
287	8.9776e-06	0
288	8.94161e-06	0
289	8.90591e-06	0
290	8.8705e-06	0
291	8.83537e-06	0
292	8.80051e-06	0
293	8.76593e-06	0
294	8.73162e-06	0
295	8.69758e-06	0
296	8.6638e-06	0
297	8.63029e-06	0
298	8.59704e-06	0
299	8.56404e-06	0
300	8.53129e-06	0
301	8.4988e-06	0
302	8.46655e-06	0
303	8.43455e-06	0
304	8.40279e-06	0
305	8.37126e-06	0
306	8.33998e-06	0
307	8.30893e-06	0
308	8.2781e-06	0
309	8.24751e-06	0
310	8.21715e-06	0
311	8.187e-06	0
312	8.15708e-06	0
313	8.12738e-06	0
314	8.09789e-06	0
315	8.06862e-06	0
316	8.03955e-06	0
317	8.0107e-06	0
318	7.98206e-06	0
319	7.95362e-06	0
320	7.92538e-06	0
321	7.89734e-06	0
322	7.8695e-06	0
323	7.84186e-06	0
324	7.81441e-06	0
325	7.78715e-06	0
326	7.76008e-06	0
327	7.7332e-06	0
328	7.70651e-06	0
329	7.68e-06	0
330	7.65367e-06	0
331	7.62753e-06	0
332	7.60156e-06	0
333	7.57577e-06	0
334	7.55015e-06	0
335	7.52471e-06	0
336	7.49944e-06	0
337	7.47433e-06	0
338	7.4494e-06	0
339	7.42463e-06	0
340	7.40003e-06	0
341	7.37559e-06	0
342	7.35131e-06	0
343	7.32719e-06	0
344	7.30323e-06	0
345	7.27942e-06	0
346	7.25577e-06	0
347	7.23228e-06	0
348	7.20893e-06	0
349	7.18574e-06	0
350	7.1627e-06	0
351	7.1398e-06	0
352	7.11705e-06	0
353	7.09445e-06	0
354	7.07198e-06	0
355	7.04967e-06	0
356	7.02749e-06	0
357	7.00545e-06	0
358	6.98355e-06	0
359	6.96178e-06	0
360	6.94015e-06	0
361	6.91866e-06	0
362	6.8973e-06	0
363	6.87607e-06	0
364	6.85497e-06	0
365	6.834e-06	0
366	6.81316e-06	0
367	6.79245e-06	0
368	6.77186e-06	0
369	6.75139e-06	0
370	6.73106e-06	0
371	6.71084e-06	0
372	6.69074e-06	0
373	6.67077e-06	0
374	6.65091e-06	0
375	6.63117e-06	0
376	6.61155e-06	0
377	6.59205e-06	0
378	6.57266e-06	0
379	6.55338e-06	0
380	6.53422e-06	0
381	6.51517e-06	0
382	6.49623e-06	0
383	6.4774e-06	0
384	6.45867e-06	0
385	6.44006e-06	0
386	6.42156e-06	0
387	6.40316e-06	0
388	6.38486e-06	0
389	6.36667e-06	0
390	6.34859e-06	0
391	6.33061e-06	0
392	6.31273e-06	0
393	6.29494e-06	0
394	6.27726e-06	0
395	6.25968e-06	0
396	6.2422e-06	0
397	6.22482e-06	0
398	6.20753e-06	0
399	6.19034e-06	0
400	6.17324e-06	0
401	6.15624e-06	0
402	6.13933e-06	0
403	6.12251e-06	0
404	6.10579e-06	0
405	6.08916e-06	0
406	6.07261e-06	0
407	6.05616e-06	0
408	6.0398e-06	0
409	6.02353e-06	0
410	6.00734e-06	0
411	5.99124e-06	0
412	5.97522e-06	0
413	5.9593e-06	0
414	5.94345e-06	0
415	5.92769e-06	0
416	5.91202e-06	0
417	5.89643e-06	0
418	5.88092e-06	0
419	5.86549e-06	0
420	5.85014e-06	0
421	5.83487e-06	0
422	5.81968e-06	0
423	5.80457e-06	0
424	5.78954e-06	0
425	5.77459e-06	0
426	5.75972e-06	0
427	5.74492e-06	0
428	5.73019e-06	0
429	5.71555e-06	0
430	5.70097e-06	0
431	5.68648e-06	0
432	5.67205e-06	0
433	5.6577e-06	0
434	5.64342e-06	0
435	5.62921e-06	0
436	5.61508e-06	0
437	5.60101e-06	0
438	5.58702e-06	0
439	5.5731e-06	0
440	5.55924e-06	0
441	5.54546e-06	0
442	5.53174e-06	0
443	5.51809e-06	0
444	5.50451e-06	0
445	5.49099e-06	0
446	5.47754e-06	0
447	5.46416e-06	0
448	5.45084e-06	0
449	5.43759e-06	0
450	5.4244e-06	0
451	5.41128e-06	0
452	5.39821e-06	0
453	5.38522e-06	0
454	5.37228e-06	0
455	5.35941e-06	0
456	5.3466e-06	0
457	5.33385e-06	0
458	5.32116e-06	0
459	5.30853e-06	0
460	5.29596e-06	0
461	5.28345e-06	0
462	5.271e-06	0
463	5.25861e-06	0
464	5.24627e-06	0
465	5.234e-06	0
466	5.22178e-06	0
467	5.20962e-06	0
468	5.19751e-06	0
469	5.18546e-06	0
470	5.17347e-06	0
471	5.16153e-06	0
472	5.14965e-06	0
473	5.13782e-06	0
474	5.12605e-06	0
475	5.11433e-06	0
476	5.10267e-06	0
477	5.09105e-06	0
478	5.07949e-06	0
479	5.06799e-06	0
480	5.05653e-06	0
481	5.04513e-06	0
482	5.03378e-06	0
483	5.02248e-06	0
484	5.01123e-06	0
485	5.00003e-06	0
486	4.98888e-06	0
487	4.97778e-06	0
488	4.96673e-06	0
489	4.95572e-06	0
490	4.94477e-06	0
491	4.93387e-06	0
492	4.92301e-06	0
493	4.9122e-06	0
494	4.90144e-06	0
495	4.89073e-06	0
496	4.88006e-06	0
497	4.86944e-06	0
498	4.85887e-06	0
499	4.84834e-06	0
500	4.83786e-06	0
501	4.82742e-06	0
502	4.81703e-06	0
503	4.80668e-06	0
504	4.79638e-06	0
505	4.78612e-06	0
506	4.7759e-06	0
507	4.76573e-06	0
508	4.7556e-06	0
509	4.74552e-06	0
510	4.73548e-06	0
511	4.72548e-06	0
512	4.71552e-06	0
513	4.7056e-06	0
514	4.69573e-06	0
515	4.6859e-06	0
516	4.6761e-06	0
517	4.66635e-06	0
518	4.65664e-06	0
519	4.64698e-06	0
520	4.63735e-06	0
521	4.62776e-06	0
522	4.61821e-06	0
523	4.6087e-06	0
524	4.59923e-06	0
525	4.58979e-06	0
526	4.5804e-06	0
527	4.57105e-06	0
528	4.56173e-06	0
529	4.55245e-06	0
530	4.54321e-06	0
531	4.53401e-06	0
532	4.52484e-06	0
533	4.51571e-06	0
534	4.50662e-06	0
535	4.49756e-06	0
536	4.48854e-06	0
537	4.47956e-06	0
538	4.47061e-06	0
539	4.4617e-06	0
540	4.45283e-06	0
541	4.44399e-06	0
542	4.43518e-06	0
543	4.42641e-06	0
544	4.41767e-06	0
545	4.40897e-06	0
546	4.40031e-06	0
547	4.39167e-06	0
548	4.38307e-06	0
549	4.37451e-06	0
550	4.36598e-06	0
551	4.35748e-06	0
552	4.34901e-06	0
553	4.34058e-06	0
554	4.33218e-06	0
555	4.32381e-06	0
556	4.31548e-06	0
557	4.30717e-06	0
558	4.2989e-06	0
559	4.29066e-06	0
560	4.28246e-06	0
561	4.27428e-06	0
562	4.26613e-06	0
563	4.25802e-06	0
564	4.24994e-06	0
565	4.24188e-06	0
566	4.23386e-06	0
567	4.22587e-06	0
568	4.21791e-06	0
569	4.20998e-06	0
570	4.20208e-06	0
571	4.19421e-06	0
572	4.18636e-06	0
573	4.17855e-06	0
574	4.17077e-06	0
575	4.16301e-06	0
576	4.15529e-06	0
577	4.14759e-06	0
578	4.13992e-06	0
579	4.13228e-06	0
580	4.12467e-06	0
581	4.11708e-06	0
582	4.10953e-06	0
583	4.102e-06	0
584	4.0945e-06	0
585	4.08702e-06	0
586	4.07958e-06	0
587	4.07216e-06	0
588	4.06477e-06	0
589	4.0574e-06	0
590	4.05006e-06	0
591	4.04275e-06	0
592	4.03547e-06	0
593	4.02821e-06	0
594	4.02097e-06	0
595	4.01377e-06	0
596	4.00658e-06	0
597	3.99943e-06	0
598	3.9923e-06	0
599	3.98519e-06	0
600	3.97811e-06	0
601	3.97106e-06	0
602	3.96403e-06	0
603	3.95703e-06	0
604	3.95005e-06	0
605	3.94309e-06	0
606	3.93616e-06	0
607	3.92926e-06	0
608	3.92238e-06	0
609	3.91552e-06	0
610	3.90868e-06	0
611	3.90187e-06	0
612	3.89509e-06	0
613	3.88833e-06	0
614	3.88159e-06	0
615	3.87487e-06	0
616	3.86818e-06	0
617	3.86151e-06	0
618	3.85486e-06	0
619	3.84824e-06	0
620	3.84164e-06	0
621	3.83506e-06	0
622	3.82851e-06	0
623	3.82197e-06	0
624	3.81546e-06	0
625	3.80898e-06	0
626	3.80251e-06	0
627	3.79607e-06	0
628	3.78964e-06	0
629	3.78324e-06	0
630	3.77686e-06	0
631	3.77051e-06	0
632	3.76417e-06	0
633	3.75786e-06	0
634	3.75156e-06	0
635	3.74529e-06	0
636	3.73904e-06	0
637	3.73281e-06	0
638	3.7266e-06	0
639	3.72041e-06	0
640	3.71424e-06	0
641	3.70809e-06	0
642	3.70196e-06	0
643	3.69586e-06	0
644	3.68977e-06	0
645	3.6837e-06	0
646	3.67765e-06	0
647	3.67163e-06	0
648	3.66562e-06	0
649	3.65963e-06	0
650	3.65366e-06	0
651	3.64771e-06	0
652	3.64178e-06	0
653	3.63587e-06	0
654	3.62998e-06	0
655	3.62411e-06	0
656	3.61826e-06	0
657	3.61242e-06	0
658	3.60661e-06	0
659	3.60081e-06	0
660	3.59503e-06	0
661	3.58928e-06	0
662	3.58353e-06	0
663	3.57781e-06	0
664	3.57211e-06	0
665	3.56642e-06	0
666	3.56075e-06	0
667	3.5551e-06	0
668	3.54947e-06	0
669	3.54386e-06	0
670	3.53826e-06	0
671	3.53268e-06	0
672	3.52712e-06	0
673	3.52158e-06	0
674	3.51605e-06	0
675	3.51055e-06	0
676	3.50505e-06	0
677	3.49958e-06	0
678	3.49412e-06	0
679	3.48868e-06	0
680	3.48326e-06	0
681	3.47785e-06	0
682	3.47247e-06	0
683	3.46709e-06	0
684	3.46174e-06	0
685	3.4564e-06	0
686	3.45107e-06	0
687	3.44577e-06	0
688	3.44048e-06	0
689	3.4352e-06	0
690	3.42995e-06	0
691	3.4247e-06	0
692	3.41948e-06	0
693	3.41427e-06	0
694	3.40908e-06	0
695	3.4039e-06	0
696	3.39874e-06	0
697	3.39359e-06	0
698	3.38846e-06	0
699	3.38334e-06	0
700	3.37824e-06	0
701	3.37316e-06	0
702	3.36809e-06	0
703	3.36304e-06	0
704	3.358e-06	0
705	3.35297e-06	0
706	3.34796e-06	0
707	3.34297e-06	0
708	3.33799e-06	0
709	3.33303e-06	0
710	3.32808e-06	0
711	3.32314e-06	0
712	3.31823e-06	0
713	3.31332e-06	0
714	3.30843e-06	0
715	3.30355e-06	0
716	3.29869e-06	0
717	3.29384e-06	0
718	3.28901e-06	0
719	3.28419e-06	0
720	3.27939e-06	0
721	3.2746e-06	0
722	3.26982e-06	0
723	3.26506e-06	0
724	3.26031e-06	0
725	3.25557e-06	0
726	3.25085e-06	0
727	3.24614e-06	0
728	3.24145e-06	0
729	3.23677e-06	0
730	3.2321e-06	0
731	3.22745e-06	0
732	3.22281e-06	0
733	3.21818e-06	0
734	3.21357e-06	0
735	3.20897e-06	0
736	3.20438e-06	0
737	3.19981e-06	0
738	3.19525e-06	0
739	3.1907e-06	0
740	3.18617e-06	0
741	3.18165e-06	0
742	3.17714e-06	0
743	3.17264e-06	0
744	3.16816e-06	0
745	3.16369e-06	0
746	3.15923e-06	0
747	3.15478e-06	0
748	3.15035e-06	0
749	3.14593e-06	0
750	3.14152e-06	0
751	3.13713e-06	0
752	3.13274e-06	0
753	3.12837e-06	0
754	3.12401e-06	0
755	3.11967e-06	0
756	3.11533e-06	0
757	3.11101e-06	0
758	3.1067e-06	0
759	3.1024e-06	0
760	3.09811e-06	0
761	3.09384e-06	0
762	3.08958e-06	0
763	3.08532e-06	0
764	3.08108e-06	0
765	3.07686e-06	0
766	3.07264e-06	0
767	3.06844e-06	0
768	3.06424e-06	0
769	3.06006e-06	0
770	3.05589e-06	0
771	3.05173e-06	0
772	3.04759e-06	0
773	3.04345e-06	0
774	3.03932e-06	0
775	3.03521e-06	0
776	3.03111e-06	0
777	3.02702e-06	0
778	3.02294e-06	0
779	3.01887e-06	0
780	3.01481e-06	0
781	3.01076e-06	0
782	3.00672e-06	0
783	3.0027e-06	0
784	2.99868e-06	0
785	2.99468e-06	0
786	2.99069e-06	0
787	2.9867e-06	0
788	2.98273e-06	0
789	2.97877e-06	0
790	2.97482e-06	0
791	2.97088e-06	0
792	2.96695e-06	0
793	2.96303e-06	0
794	2.95912e-06	0
795	2.95522e-06	0
796	2.95133e-06	0
797	2.94745e-06	0
798	2.94358e-06	0
799	2.93973e-06	0
800	2.93588e-06	0
801	2.93204e-06	0
802	2.92821e-06	0
803	2.92439e-06	0
804	2.92059e-06	0
805	2.91679e-06	0
806	2.913e-06	0
807	2.90922e-06	0
808	2.90545e-06	0
809	2.9017e-06	0
810	2.89795e-06	0
811	2.89421e-06	0
812	2.89048e-06	0
813	2.88676e-06	0
814	2.88305e-06	0
815	2.87935e-06	0
816	2.87566e-06	0
817	2.87198e-06	0
818	2.8683e-06	0
819	2.86464e-06	0
820	2.86099e-06	0
821	2.85734e-06	0
822	2.85371e-06	0
823	2.85008e-06	0
824	2.84647e-06	0
825	2.84286e-06	0
826	2.83926e-06	0
827	2.83567e-06	0
828	2.83209e-06	0
829	2.82852e-06	0
830	2.82496e-06	0
831	2.82141e-06	0
832	2.81786e-06	0
833	2.81433e-06	0
834	2.8108e-06	0
835	2.80729e-06	0
836	2.80378e-06	0
837	2.80028e-06	0
838	2.79679e-06	0
839	2.79331e-06	0
840	2.78983e-06	0
841	2.78637e-06	0
842	2.78291e-06	0
843	2.77946e-06	0
844	2.77603e-06	0
845	2.7726e-06	0
846	2.76917e-06	0
847	2.76576e-06	0
848	2.76236e-06	0
849	2.75896e-06	0
850	2.75557e-06	0
851	2.75219e-06	0
852	2.74882e-06	0
853	2.74546e-06	0
854	2.7421e-06	0
855	2.73875e-06	0
856	2.73542e-06	0
857	2.73208e-06	0
858	2.72876e-06	0
859	2.72545e-06	0
860	2.72214e-06	0
861	2.71884e-06	0
862	2.71555e-06	0
863	2.71227e-06	0
864	2.709e-06	0
865	2.70573e-06	0
866	2.70247e-06	0
867	2.69922e-06	0
868	2.69598e-06	0
869	2.69275e-06	0
870	2.68952e-06	0
871	2.6863e-06	0
872	2.68309e-06	0
873	2.67988e-06	0
874	2.67669e-06	0
875	2.6735e-06	0
876	2.67032e-06	0
877	2.66714e-06	0
878	2.66398e-06	0
879	2.66082e-06	0
880	2.65767e-06	0
881	2.65453e-06	0
882	2.65139e-06	0
883	2.64826e-06	0
884	2.64514e-06	0
885	2.64203e-06	0
886	2.63892e-06	0
887	2.63582e-06	0
888	2.63273e-06	0
889	2.62965e-06	0
890	2.62657e-06	0
891	2.6235e-06	0
892	2.62044e-06	0
893	2.61738e-06	0
894	2.61433e-06	0
895	2.61129e-06	0
896	2.60826e-06	0
897	2.60523e-06	0
898	2.60221e-06	0
899	2.59919e-06	0
900	2.59619e-06	0
901	2.59319e-06	0
902	2.5902e-06	0
903	2.58721e-06	0
904	2.58423e-06	0
905	2.58126e-06	0
906	2.5783e-06	0
907	2.57534e-06	0
908	2.57239e-06	0
909	2.56944e-06	0
910	2.56651e-06	0
911	2.56358e-06	0
912	2.56065e-06	0
913	2.55773e-06	0
914	2.55482e-06	0
915	2.55192e-06	0
916	2.54902e-06	0
917	2.54613e-06	0
918	2.54325e-06	0
919	2.54037e-06	0
920	2.5375e-06	0
921	2.53463e-06	0
922	2.53178e-06	0
923	2.52892e-06	0
924	2.52608e-06	0
925	2.52324e-06	0
926	2.52041e-06	0
927	2.51758e-06	0
928	2.51476e-06	0
929	2.51195e-06	0
930	2.50914e-06	0
931	2.50634e-06	0
932	2.50354e-06	0
933	2.50076e-06	0
934	2.49797e-06	0
935	2.4952e-06	0
936	2.49243e-06	0
937	2.48967e-06	0
938	2.48691e-06	0
939	2.48416e-06	0
940	2.48141e-06	0
941	2.47867e-06	0
942	2.47594e-06	0
943	2.47321e-06	0
944	2.47049e-06	0
945	2.46778e-06	0
946	2.46507e-06	0
947	2.46236e-06	0
948	2.45967e-06	0
949	2.45698e-06	0
950	2.45429e-06	0
951	2.45161e-06	0
952	2.44894e-06	0
953	2.44627e-06	0
954	2.44361e-06	0
955	2.44095e-06	0
956	2.4383e-06	0
957	2.43566e-06	0
958	2.43302e-06	0
959	2.43039e-06	0
960	2.42776e-06	0
961	2.42514e-06	0
962	2.42252e-06	0
963	2.41991e-06	0
964	2.41731e-06	0
965	2.41471e-06	0
966	2.41211e-06	0
967	2.40953e-06	0
968	2.40694e-06	0
969	2.40437e-06	0
970	2.4018e-06	0
971	2.39923e-06	0
972	2.39667e-06	0
973	2.39412e-06	0
974	2.39157e-06	0
975	2.38902e-06	0
976	2.38648e-06	0
977	2.38395e-06	0
978	2.38142e-06	0
979	2.3789e-06	0
980	2.37639e-06	0
981	2.37387e-06	0
982	2.37137e-06	0
983	2.36887e-06	0
984	2.36637e-06	0
985	2.36388e-06	0
986	2.3614e-06	0
987	2.35892e-06	0
988	2.35644e-06	0
989	2.35397e-06	0
990	2.35151e-06	0
991	2.34905e-06	0
992	2.3466e-06	0
993	2.34415e-06	0
994	2.3417e-06	0
995	2.33926e-06	0
996	2.33683e-06	0
997	2.3344e-06	0
998	2.33198e-06	0
999	2.32956e-06	0
1000	2.32715e-06	0