Iteration	 Training error	 Validation error 
1	0.301053	0
2	0.28961	0
3	0.286186	0
4	0.28292	0
5	0.279273	0
6	0.275848	0
7	0.272323	0
8	0.268623	0
9	0.264789	0
10	0.260824	0
11	0.256785	0
12	0.25267	0
13	0.248445	0
14	0.244122	0
15	0.239715	0
16	0.235221	0
17	0.230724	0
18	0.22633	0
19	0.222024	0
20	0.217785	0
21	0.213634	0
22	0.209593	0
23	0.205712	0
24	0.20201	0
25	0.198354	0
26	0.19485	0
27	0.191457	0
28	0.188235	0
29	0.184977	0
30	0.181874	0
31	0.1789	0
32	0.176287	0
33	0.17344	0
34	0.170814	0
35	0.168196	0
36	0.166215	0
37	0.163825	0
38	0.161395	0
39	0.159288	0
40	0.15737	0
41	0.155665	0
42	0.152846	0
43	0.151582	0
44	0.149396	0
45	0.149193	0
46	0.145118	0
47	0.145319	0
48	0.14176	0
49	0.14405	0
50	0.138113	0
51	0.139704	0
52	0.135245	0
53	0.138784	0
54	0.134189	0
55	0.133425	0
56	0.13156	0
57	0.131452	0
58	0.13198	0
59	0.125003	0
60	0.129473	0
61	0.122056	0
62	0.129709	0
63	0.11902	0
64	0.124919	0
65	0.116933	0
66	0.122276	0
67	0.116537	0
68	0.115406	0
69	0.115343	0
70	0.111093	0
71	0.116579	0
72	0.106309	0
73	0.11198	0
74	0.104264	0
75	0.107055	0
76	0.10316	0
77	0.100143	0
78	0.100625	0
79	0.0962978	0
80	0.0982144	0
81	0.0928462	0
82	0.0938114	0
83	0.0910442	0
84	0.0907353	0
85	0.0888369	0
86	0.0870336	0
87	0.0869303	0
88	0.0850096	0
89	0.0862817	0
90	0.0818974	0
91	0.0854006	0
92	0.0796024	0
93	0.0829091	0
94	0.0775034	0
95	0.0808332	0
96	0.0763134	0
97	0.0790542	0
98	0.0755415	0
99	0.0755233	0
100	0.0743811	0
101	0.0730275	0
102	0.0740067	0
103	0.0695591	0
104	0.0739942	0
105	0.0688407	0
106	0.0714066	0
107	0.0667256	0
108	0.0682814	0
109	0.066808	0
110	0.0660307	0
111	0.0654495	0
112	0.0633446	0
113	0.0632265	0
114	0.0622295	0
115	0.0620254	0
116	0.0598635	0
117	0.0598223	0
118	0.0589182	0
119	0.0581934	0
120	0.0585914	0
121	0.0566035	0
122	0.0571503	0
123	0.0556831	0
124	0.0570117	0
125	0.0546823	0
126	0.056203	0
127	0.0545319	0
128	0.0555485	0
129	0.0540933	0
130	0.0534069	0
131	0.0535733	0
132	0.0529511	0
133	0.0546022	0
134	0.0507875	0
135	0.0551526	0
136	0.0507185	0
137	0.056796	0
138	0.0496015	0
139	0.0563331	0
140	0.0504468	0
141	0.0548979	0
142	0.0517196	0
143	0.0514275	0
144	0.0512623	0
145	0.0518958	0
146	0.05	0
147	0.0485514	0
148	0.0473454	0
149	0.0475404	0
150	0.0466114	0
151	0.045018	0
152	0.0446326	0
153	0.0447514	0
154	0.0440084	0
155	0.0430509	0
156	0.042192	0
157	0.0420354	0
158	0.0419566	0
159	0.0412419	0
160	0.0411256	0
161	0.0406237	0
162	0.0408015	0
163	0.0400715	0
164	0.0403315	0
165	0.0398045	0
166	0.0399641	0
167	0.0390831	0
168	0.0396562	0
169	0.0387202	0
170	0.0390713	0
171	0.0384343	0
172	0.0385898	0
173	0.0379946	0
174	0.0382603	0
175	0.0379786	0
176	0.0375231	0
177	0.0377262	0
178	0.0372356	0
179	0.0375659	0
180	0.0369522	0
181	0.037589	0
182	0.0365451	0
183	0.03694	0
184	0.0363883	0
185	0.0364785	0
186	0.0359406	0
187	0.0358149	0
188	0.0357009	0
189	0.0355252	0
190	0.0353877	0
191	0.0348862	0
192	0.0347474	0
193	0.0345817	0
194	0.0346107	0
195	0.0342953	0
196	0.0341403	0
197	0.0339111	0
198	0.0337983	0
199	0.0336601	0
200	0.0334957	0
201	0.0332982	0
202	0.0331314	0
203	0.0330784	0
204	0.0329378	0
205	0.0328715	0
206	0.0325452	0
207	0.032479	0
208	0.0322505	0
209	0.0322706	0
210	0.031901	0
211	0.0316684	0
212	0.031532	0
213	0.0314527	0
214	0.0313509	0
215	0.0311218	0
216	0.0309773	0
217	0.0308568	0
218	0.0307528	0
219	0.0306221	0
220	0.0304573	0
221	0.0303049	0
222	0.0301643	0
223	0.0300517	0
224	0.0299406	0
225	0.0298171	0
226	0.0296976	0
227	0.0295902	0
228	0.0294934	0
229	0.0293935	0
230	0.0292888	0
231	0.0291896	0
232	0.0290967	0
233	0.0290033	0
234	0.0289063	0
235	0.0288066	0
236	0.028709	0
237	0.0286179	0
238	0.0285325	0
239	0.028449	0
240	0.0283648	0
241	0.0282795	0
242	0.0281936	0
243	0.0281076	0
244	0.0280217	0
245	0.0279364	0
246	0.0278521	0
247	0.0277693	0
248	0.0276883	0
249	0.0276089	0
250	0.0275312	0
251	0.0274551	0
252	0.027381	0
253	0.0273099	0
254	0.027243	0
255	0.0271803	0
256	0.0271178	0
257	0.027053	0
258	0.0269872	0
259	0.0269215	0
260	0.0268562	0
261	0.0267915	0
262	0.0267276	0
263	0.0266644	0
264	0.026602	0
265	0.0265403	0
266	0.0264795	0
267	0.0264195	0
268	0.0263605	0
269	0.0263024	0
270	0.0262455	0
271	0.0261898	0
272	0.0261353	0
273	0.026082	0
274	0.02603	0
275	0.0259791	0
276	0.025929	0
277	0.0258797	0
278	0.0258313	0
279	0.0257846	0
280	0.025742	0
281	0.0257038	0
282	0.0256641	0
283	0.0256193	0
284	0.0255711	0
285	0.0255218	0
286	0.0254723	0
287	0.0254223	0
288	0.0253718	0
289	0.0253203	0
290	0.0252674	0
291	0.0252123	0
292	0.0251542	0
293	0.0250935	0
294	0.0250333	0
295	0.0249782	0
296	0.0249293	0
297	0.0248806	0
298	0.0248283	0
299	0.0247729	0
300	0.024716	0
301	0.0246594	0
302	0.0246036	0
303	0.0245484	0
304	0.0244938	0
305	0.0244399	0
306	0.0243876	0
307	0.0243385	0
308	0.0242958	0
309	0.0242688	0
310	0.0242764	0
311	0.0242915	0
312	0.0242571	0
313	0.0241989	0
314	0.0241393	0
315	0.0240827	0
316	0.0240304	0
317	0.023981	0
318	0.0239328	0
319	0.0238813	0
320	0.0238259	0
321	0.0237732	0
322	0.0237251	0
323	0.023679	0
324	0.0236303	0
325	0.0235798	0
326	0.0235317	0
327	0.0234867	0
328	0.0234423	0
329	0.023396	0
330	0.0233497	0
331	0.0233054	0
332	0.023263	0
333	0.0232206	0
334	0.0231775	0
335	0.0231349	0
336	0.0230938	0
337	0.0230537	0
338	0.0230136	0
339	0.0229733	0
340	0.0229335	0
341	0.0228945	0
342	0.0228557	0
343	0.0228168	0
344	0.0227776	0
345	0.0227383	0
346	0.0226991	0
347	0.0226599	0
348	0.0226208	0
349	0.0225818	0
350	0.0225434	0
351	0.0225056	0
352	0.0224686	0
353	0.0224322	0
354	0.0223965	0
355	0.0223614	0
356	0.0223267	0
357	0.0222923	0
358	0.0222579	0
359	0.0222234	0
360	0.0221884	0
361	0.0221526	0
362	0.0221154	0
363	0.0220763	0
364	0.0220353	0
365	0.0219929	0
366	0.0219502	0
367	0.021908	0
368	0.0218681	0
369	0.0218313	0
370	0.0217961	0
371	0.0217605	0
372	0.0217239	0
373	0.0216871	0
374	0.0216512	0
375	0.021616	0
376	0.0215808	0
377	0.0215452	0
378	0.0215088	0
379	0.0214713	0
380	0.0214323	0
381	0.0213912	0
382	0.0213464	0
383	0.0212916	0
384	0.0212295	0
385	0.0211933	0
386	0.0211611	0
387	0.0211304	0
388	0.0210977	0
389	0.0210621	0
390	0.0210255	0
391	0.0209891	0
392	0.0209532	0
393	0.0209179	0
394	0.0208829	0
395	0.020848	0
396	0.020813	0
397	0.0207778	0
398	0.0207421	0
399	0.0207059	0
400	0.0206685	0
401	0.0206289	0
402	0.0205844	0
403	0.0205283	0
404	0.0204549	0
405	0.0203877	0
406	0.0203309	0
407	0.0202977	0
408	0.0202301	0
409	0.0201267	0
410	0.0200429	0
411	0.0199866	0
412	0.019948	0
413	0.0198962	0
414	0.01984	0
415	0.0197959	0
416	0.0197613	0
417	0.019726	0
418	0.0196812	0
419	0.019634	0
420	0.0195914	0
421	0.0195517	0
422	0.0195086	0
423	0.0194588	0
424	0.0194057	0
425	0.0193523	0
426	0.0192986	0
427	0.0192427	0
428	0.0191823	0
429	0.0191139	0
430	0.0190375	0
431	0.0189724	0
432	0.0189245	0
433	0.018882	0
434	0.0188417	0
435	0.0188035	0
436	0.018767	0
437	0.0187315	0
438	0.0186965	0
439	0.0186622	0
440	0.0186287	0
441	0.0185959	0
442	0.0185635	0
443	0.0185316	0
444	0.0185002	0
445	0.0184694	0
446	0.0184391	0
447	0.0184092	0
448	0.0183795	0
449	0.01835	0
450	0.0183207	0
451	0.0182914	0
452	0.0182622	0
453	0.018233	0
454	0.0182039	0
455	0.0181747	0
456	0.0181455	0
457	0.0181164	0
458	0.0180873	0
459	0.0180582	0
460	0.0180293	0
461	0.0180004	0
462	0.0179716	0
463	0.0179429	0
464	0.0179143	0
465	0.0178857	0
466	0.0178571	0
467	0.0178283	0
468	0.0177991	0
469	0.0177692	0
470	0.0177381	0
471	0.0177047	0
472	0.0176675	0
473	0.0176239	0
474	0.0175723	0
475	0.0175177	0
476	0.0174649	0
477	0.0174207	0
478	0.01738	0
479	0.017328	0
480	0.0172879	0
481	0.0172616	0
482	0.0172413	0
483	0.0171867	0
484	0.0171427	0
485	0.017106	0
486	0.0170868	0
487	0.0170333	0
488	0.016977	0
489	0.0169425	0
490	0.0169294	0
491	0.0169054	0
492	0.0168493	0
493	0.0168095	0
494	0.0167872	0
495	0.0167763	0
496	0.0167402	0
497	0.0166948	0
498	0.0166644	0
499	0.0166474	0
500	0.0166282	0