Iteration	 Training error	 Validation error 
1	0.346228	0
2	0.344517	0
3	0.34373	0
4	0.342564	0
5	0.340824	0
6	0.338279	0
7	0.334262	0
8	0.327937	0
9	0.318942	0
10	0.307605	0
11	0.293594	0
12	0.277734	0
13	0.258627	0
14	0.237615	0
15	0.218411	0
16	0.18939	0
17	0.217395	0
18	0.167095	0
19	0.307534	0
20	0.248631	0
21	0.252054	0
22	0.471627	0
23	0.481843	0
24	0.370517	0
25	0.371031	0
26	0.347294	0
27	0.339243	0
28	0.336217	0
29	0.332706	0
30	0.328728	0
31	0.323159	0
32	0.31289	0
33	0.28894	0
34	0.230678	0
35	0.188206	0
36	0.161135	0
37	0.133756	0
38	0.0883573	0
39	0.063749	0
40	0.0572352	0
41	0.0527696	0
42	0.0490014	0
43	0.0457784	0
44	0.0429734	0
45	0.040501	0
46	0.0383027	0
47	0.036335	0
48	0.0345631	0
49	0.0329587	0
50	0.0314987	0
51	0.0301642	0
52	0.0289396	0
53	0.0278117	0
54	0.0267695	0
55	0.0258034	0
56	0.0249055	0
57	0.0240687	0
58	0.0232868	0
59	0.0225545	0
60	0.0218672	0
61	0.0212209	0
62	0.020612	0
63	0.0200373	0
64	0.019494	0
65	0.0189795	0
66	0.0184918	0
67	0.0180286	0
68	0.0175882	0
69	0.017169	0
70	0.0167694	0
71	0.016388	0
72	0.0160238	0
73	0.0156754	0
74	0.015342	0
75	0.0150225	0
76	0.0147162	0
77	0.0144221	0
78	0.0141396	0
79	0.0138681	0
80	0.0136068	0
81	0.0133552	0
82	0.0131128	0
83	0.012879	0
84	0.0126535	0
85	0.0124358	0
86	0.0122255	0
87	0.0120222	0
88	0.0118256	0
89	0.0116353	0
90	0.0114511	0
91	0.0112727	0
92	0.0110997	0
93	0.010932	0
94	0.0107693	0
95	0.0106115	0
96	0.0104581	0
97	0.0103092	0
98	0.0101645	0
99	0.0100238	0
100	0.0098869	0
101	0.00975374	0
102	0.00962413	0
103	0.00949792	0
104	0.00937499	0
105	0.00925521	0
106	0.00913845	0
107	0.00902461	0
108	0.00891358	0
109	0.00880525	0
110	0.00869953	0
111	0.00859632	0
112	0.00849553	0
113	0.00839709	0
114	0.0083009	0
115	0.00820689	0
116	0.008115	0
117	0.00802514	0
118	0.00793725	0
119	0.00785127	0
120	0.00776713	0
121	0.00768478	0
122	0.00760417	0
123	0.00752522	0
124	0.0074479	0
125	0.00737216	0
126	0.00729794	0
127	0.0072252	0
128	0.00715391	0
129	0.007084	0
130	0.00701546	0
131	0.00694822	0
132	0.00688227	0
133	0.00681756	0
134	0.00675406	0
135	0.00669173	0
136	0.00663054	0
137	0.00657046	0
138	0.00651147	0
139	0.00645353	0
140	0.00639661	0
141	0.00634069	0
142	0.00628574	0
143	0.00623173	0
144	0.00617865	0
145	0.00612647	0
146	0.00607517	0
147	0.00602471	0
148	0.0059751	0
149	0.00592629	0
150	0.00587828	0
151	0.00583104	0
152	0.00578456	0
153	0.00573881	0
154	0.00569378	0
155	0.00564945	0
156	0.00560581	0
157	0.00556284	0
158	0.00552053	0
159	0.00547885	0
160	0.0054378	0
161	0.00539736	0
162	0.00535752	0
163	0.00531826	0
164	0.00527957	0
165	0.00524144	0
166	0.00520386	0
167	0.00516682	0
168	0.0051303	0
169	0.00509429	0
170	0.00505878	0
171	0.00502377	0
172	0.00498924	0
173	0.00495518	0
174	0.00492158	0
175	0.00488843	0
176	0.00485573	0
177	0.00482346	0
178	0.00479162	0
179	0.0047602	0
180	0.00472919	0
181	0.00469857	0
182	0.00466836	0
183	0.00463852	0
184	0.00460907	0
185	0.00457999	0
186	0.00455127	0
187	0.00452292	0
188	0.00449491	0
189	0.00446725	0
190	0.00443992	0
191	0.00441293	0
192	0.00438627	0
193	0.00435992	0
194	0.00433389	0
195	0.00430817	0
196	0.00428276	0
197	0.00425764	0
198	0.00423281	0
199	0.00420827	0
200	0.00418402	0
201	0.00416004	0
202	0.00413634	0
203	0.0041129	0
204	0.00408973	0
205	0.00406682	0
206	0.00404416	0
207	0.00402176	0
208	0.0039996	0
209	0.00397768	0
210	0.00395601	0
211	0.00393456	0
212	0.00391335	0
213	0.00389237	0
214	0.00387161	0
215	0.00385107	0
216	0.00383075	0
217	0.00381064	0
218	0.00379074	0
219	0.00377105	0
220	0.00375156	0
221	0.00373227	0
222	0.00371318	0
223	0.00369428	0
224	0.00367557	0
225	0.00365706	0
226	0.00363872	0
227	0.00362057	0
228	0.00360261	0
229	0.00358481	0
230	0.0035672	0
231	0.00354975	0
232	0.00353248	0
233	0.00351537	0
234	0.00349843	0
235	0.00348165	0
236	0.00346502	0
237	0.00344856	0
238	0.00343225	0
239	0.0034161	0
240	0.0034001	0
241	0.00338424	0
242	0.00336854	0
243	0.00335298	0
244	0.00333756	0
245	0.00332228	0
246	0.00330714	0
247	0.00329214	0
248	0.00327728	0
249	0.00326254	0
250	0.00324794	0
251	0.00323347	0
252	0.00321913	0
253	0.00320491	0
254	0.00319082	0
255	0.00317685	0
256	0.00316301	0
257	0.00314928	0
258	0.00313567	0
259	0.00312218	0
260	0.00310881	0
261	0.00309555	0
262	0.0030824	0
263	0.00306936	0
264	0.00305643	0
265	0.00304361	0
266	0.0030309	0
267	0.00301829	0
268	0.00300579	0
269	0.00299339	0
270	0.00298109	0
271	0.00296889	0
272	0.00295679	0
273	0.00294479	0
274	0.00293289	0
275	0.00292108	0
276	0.00290937	0
277	0.00289775	0
278	0.00288622	0
279	0.00287478	0
280	0.00286343	0
281	0.00285218	0
282	0.00284101	0
283	0.00282992	0
284	0.00281893	0
285	0.00280802	0
286	0.00279719	0
287	0.00278644	0
288	0.00277578	0
289	0.0027652	0
290	0.0027547	0
291	0.00274428	0
292	0.00273393	0
293	0.00272367	0
294	0.00271348	0
295	0.00270336	0
296	0.00269332	0
297	0.00268336	0
298	0.00267347	0
299	0.00266365	0
300	0.0026539	0
301	0.00264422	0
302	0.00263462	0
303	0.00262508	0
304	0.00261561	0
305	0.00260621	0
306	0.00259688	0
307	0.00258761	0
308	0.00257841	0
309	0.00256927	0
310	0.0025602	0
311	0.00255119	0
312	0.00254224	0
313	0.00253336	0
314	0.00252454	0
315	0.00251578	0
316	0.00250708	0
317	0.00249844	0
318	0.00248986	0
319	0.00248133	0
320	0.00247287	0
321	0.00246446	0
322	0.00245611	0
323	0.00244781	0
324	0.00243957	0
325	0.00243139	0
326	0.00242326	0
327	0.00241518	0
328	0.00240716	0
329	0.00239919	0
330	0.00239128	0
331	0.00238341	0
332	0.0023756	0
333	0.00236783	0
334	0.00236012	0
335	0.00235246	0
336	0.00234484	0
337	0.00233728	0
338	0.00232976	0
339	0.00232229	0
340	0.00231487	0
341	0.0023075	0
342	0.00230017	0
343	0.00229289	0
344	0.00228565	0
345	0.00227846	0
346	0.00227132	0
347	0.00226422	0
348	0.00225716	0
349	0.00225014	0
350	0.00224317	0
351	0.00223625	0
352	0.00222936	0
353	0.00222252	0
354	0.00221572	0
355	0.00220896	0
356	0.00220224	0
357	0.00219556	0
358	0.00218893	0
359	0.00218233	0
360	0.00217577	0
361	0.00216925	0
362	0.00216277	0
363	0.00215633	0
364	0.00214993	0
365	0.00214357	0
366	0.00213724	0
367	0.00213095	0
368	0.0021247	0
369	0.00211848	0
370	0.00211231	0
371	0.00210616	0
372	0.00210006	0
373	0.00209399	0
374	0.00208795	0
375	0.00208195	0
376	0.00207598	0
377	0.00207005	0
378	0.00206415	0
379	0.00205828	0
380	0.00205245	0
381	0.00204665	0
382	0.00204089	0
383	0.00203515	0
384	0.00202945	0
385	0.00202378	0
386	0.00201814	0
387	0.00201253	0
388	0.00200696	0
389	0.00200141	0
390	0.0019959	0
391	0.00199041	0
392	0.00198496	0
393	0.00197954	0
394	0.00197414	0
395	0.00196877	0
396	0.00196344	0
397	0.00195813	0
398	0.00195285	0
399	0.0019476	0
400	0.00194237	0
401	0.00193718	0
402	0.00193201	0
403	0.00192687	0
404	0.00192176	0
405	0.00191667	0
406	0.00191161	0
407	0.00190658	0
408	0.00190157	0
409	0.00189659	0
410	0.00189164	0
411	0.00188671	0
412	0.0018818	0
413	0.00187692	0
414	0.00187207	0
415	0.00186724	0
416	0.00186244	0
417	0.00185766	0
418	0.0018529	0
419	0.00184817	0
420	0.00184347	0
421	0.00183878	0
422	0.00183412	0
423	0.00182949	0
424	0.00182488	0
425	0.00182029	0
426	0.00181572	0
427	0.00181117	0
428	0.00180665	0
429	0.00180215	0
430	0.00179768	0
431	0.00179322	0
432	0.00178879	0
433	0.00178438	0
434	0.00177999	0
435	0.00177562	0
436	0.00177127	0
437	0.00176694	0
438	0.00176264	0
439	0.00175835	0
440	0.00175409	0
441	0.00174985	0
442	0.00174562	0
443	0.00174142	0
444	0.00173724	0
445	0.00173307	0
446	0.00172893	0
447	0.00172481	0
448	0.0017207	0
449	0.00171662	0
450	0.00171255	0
451	0.00170851	0
452	0.00170448	0
453	0.00170047	0
454	0.00169648	0
455	0.00169251	0
456	0.00168855	0
457	0.00168462	0
458	0.0016807	0
459	0.0016768	0
460	0.00167292	0
461	0.00166906	0
462	0.00166521	0
463	0.00166138	0
464	0.00165757	0
465	0.00165378	0
466	0.00165	0
467	0.00164624	0
468	0.0016425	0
469	0.00163878	0
470	0.00163507	0
471	0.00163138	0
472	0.0016277	0
473	0.00162404	0
474	0.0016204	0
475	0.00161677	0
476	0.00161316	0
477	0.00160956	0
478	0.00160598	0
479	0.00160242	0
480	0.00159887	0
481	0.00159534	0
482	0.00159182	0
483	0.00158832	0
484	0.00158484	0
485	0.00158136	0
486	0.00157791	0
487	0.00157447	0
488	0.00157104	0
489	0.00156763	0
490	0.00156423	0
491	0.00156085	0
492	0.00155748	0
493	0.00155413	0
494	0.00155079	0
495	0.00154746	0
496	0.00154415	0
497	0.00154085	0
498	0.00153757	0
499	0.0015343	0
500	0.00153104	0
501	0.0015278	0
502	0.00152457	0
503	0.00152136	0
504	0.00151816	0
505	0.00151497	0
506	0.00151179	0
507	0.00150863	0
508	0.00150548	0
509	0.00150234	0
510	0.00149922	0
511	0.00149611	0
512	0.00149301	0
513	0.00148993	0
514	0.00148685	0
515	0.00148379	0
516	0.00148075	0
517	0.00147771	0
518	0.00147469	0
519	0.00147168	0
520	0.00146868	0
521	0.00146569	0
522	0.00146272	0
523	0.00145975	0
524	0.0014568	0
525	0.00145386	0
526	0.00145093	0
527	0.00144802	0
528	0.00144511	0
529	0.00144222	0
530	0.00143934	0
531	0.00143647	0
532	0.00143361	0
533	0.00143076	0
534	0.00142793	0
535	0.0014251	0
536	0.00142228	0
537	0.00141948	0
538	0.00141669	0
539	0.00141391	0
540	0.00141113	0
541	0.00140837	0
542	0.00140562	0
543	0.00140289	0
544	0.00140016	0
545	0.00139744	0
546	0.00139473	0
547	0.00139203	0
548	0.00138934	0
549	0.00138667	0
550	0.001384	0
551	0.00138134	0
552	0.0013787	0
553	0.00137606	0
554	0.00137343	0
555	0.00137081	0
556	0.00136821	0
557	0.00136561	0
558	0.00136302	0
559	0.00136044	0
560	0.00135787	0
561	0.00135532	0
562	0.00135277	0
563	0.00135022	0
564	0.00134769	0
565	0.00134517	0
566	0.00134266	0
567	0.00134016	0
568	0.00133766	0
569	0.00133518	0
570	0.0013327	0
571	0.00133023	0
572	0.00132778	0
573	0.00132533	0
574	0.00132289	0
575	0.00132046	0
576	0.00131803	0
577	0.00131562	0
578	0.00131322	0
579	0.00131082	0
580	0.00130843	0
581	0.00130605	0
582	0.00130368	0
583	0.00130132	0
584	0.00129896	0
585	0.00129662	0
586	0.00129428	0
587	0.00129195	0
588	0.00128963	0
589	0.00128732	0
590	0.00128501	0
591	0.00128272	0
592	0.00128043	0
593	0.00127815	0
594	0.00127587	0
595	0.00127361	0
596	0.00127135	0
597	0.0012691	0
598	0.00126686	0
599	0.00126463	0
600	0.0012624	0
601	0.00126019	0
602	0.00125798	0
603	0.00125577	0
604	0.00125358	0
605	0.00125139	0
606	0.00124921	0
607	0.00124704	0
608	0.00124487	0
609	0.00124271	0
610	0.00124056	0
611	0.00123842	0
612	0.00123628	0
613	0.00123415	0
614	0.00123203	0
615	0.00122992	0
616	0.00122781	0
617	0.00122571	0
618	0.00122361	0
619	0.00122153	0
620	0.00121945	0
621	0.00121737	0
622	0.00121531	0
623	0.00121325	0
624	0.0012112	0
625	0.00120915	0
626	0.00120711	0
627	0.00120508	0
628	0.00120306	0
629	0.00120104	0
630	0.00119902	0
631	0.00119702	0
632	0.00119502	0
633	0.00119303	0
634	0.00119104	0
635	0.00118906	0
636	0.00118709	0
637	0.00118512	0
638	0.00118316	0
639	0.00118121	0
640	0.00117926	0
641	0.00117732	0
642	0.00117538	0
643	0.00117345	0
644	0.00117153	0
645	0.00116961	0
646	0.0011677	0
647	0.0011658	0
648	0.0011639	0
649	0.00116201	0
650	0.00116012	0
651	0.00115824	0
652	0.00115636	0
653	0.0011545	0
654	0.00115263	0
655	0.00115078	0
656	0.00114892	0
657	0.00114708	0
658	0.00114524	0
659	0.00114341	0
660	0.00114158	0
661	0.00113975	0
662	0.00113794	0
663	0.00113613	0
664	0.00113432	0
665	0.00113252	0
666	0.00113073	0
667	0.00112894	0
668	0.00112715	0
669	0.00112537	0
670	0.0011236	0
671	0.00112183	0
672	0.00112007	0
673	0.00111832	0
674	0.00111656	0
675	0.00111482	0
676	0.00111308	0
677	0.00111134	0
678	0.00110961	0
679	0.00110789	0
680	0.00110617	0
681	0.00110445	0
682	0.00110274	0
683	0.00110104	0
684	0.00109934	0
685	0.00109765	0
686	0.00109596	0
687	0.00109427	0
688	0.0010926	0
689	0.00109092	0
690	0.00108925	0
691	0.00108759	0
692	0.00108593	0
693	0.00108427	0
694	0.00108263	0
695	0.00108098	0
696	0.00107934	0
697	0.00107771	0
698	0.00107608	0
699	0.00107445	0
700	0.00107283	0
701	0.00107121	0
702	0.0010696	0
703	0.001068	0
704	0.00106639	0
705	0.0010648	0
706	0.0010632	0
707	0.00106162	0
708	0.00106003	0
709	0.00105845	0
710	0.00105688	0
711	0.00105531	0
712	0.00105374	0
713	0.00105218	0
714	0.00105063	0
715	0.00104907	0
716	0.00104753	0
717	0.00104598	0
718	0.00104444	0
719	0.00104291	0
720	0.00104138	0
721	0.00103985	0
722	0.00103833	0
723	0.00103681	0
724	0.0010353	0
725	0.00103379	0
726	0.00103229	0
727	0.00103079	0
728	0.00102929	0
729	0.0010278	0
730	0.00102631	0
731	0.00102483	0
732	0.00102335	0
733	0.00102187	0
734	0.0010204	0
735	0.00101893	0
736	0.00101747	0
737	0.00101601	0
738	0.00101456	0
739	0.0010131	0
740	0.00101166	0
741	0.00101021	0
742	0.00100877	0
743	0.00100734	0
744	0.00100591	0
745	0.00100448	0
746	0.00100306	0
747	0.00100164	0
748	0.00100022	0
749	0.000998807	0
750	0.000997399	0
751	0.000995994	0
752	0.000994593	0
753	0.000993196	0
754	0.000991802	0
755	0.000990413	0
756	0.000989027	0
757	0.000987644	0
758	0.000986266	0
759	0.000984891	0
760	0.000983519	0
761	0.000982152	0
762	0.000980788	0
763	0.000979427	0
764	0.00097807	0
765	0.000976717	0
766	0.000975368	0
767	0.000974021	0
768	0.000972679	0
769	0.00097134	0
770	0.000970004	0
771	0.000968672	0
772	0.000967343	0
773	0.000966018	0
774	0.000964696	0
775	0.000963378	0
776	0.000962063	0
777	0.000960752	0
778	0.000959444	0
779	0.000958139	0
780	0.000956838	0
781	0.00095554	0
782	0.000954245	0
783	0.000952954	0
784	0.000951666	0
785	0.000950381	0
786	0.0009491	0
787	0.000947821	0
788	0.000946546	0
789	0.000945275	0
790	0.000944006	0
791	0.000942741	0
792	0.000941479	0
793	0.00094022	0
794	0.000938965	0
795	0.000937712	0
796	0.000936463	0
797	0.000935216	0
798	0.000933973	0
799	0.000932733	0
800	0.000931497	0
801	0.000930263	0
802	0.000929032	0
803	0.000927804	0
804	0.00092658	0
805	0.000925358	0
806	0.00092414	0
807	0.000922924	0
808	0.000921712	0
809	0.000920502	0
810	0.000919296	0
811	0.000918092	0
812	0.000916892	0
813	0.000915694	0
814	0.000914499	0
815	0.000913307	0
816	0.000912118	0
817	0.000910932	0
818	0.000909749	0
819	0.000908569	0
820	0.000907392	0
821	0.000906217	0
822	0.000905046	0
823	0.000903877	0
824	0.000902711	0
825	0.000901548	0
826	0.000900387	0
827	0.00089923	0
828	0.000898075	0
829	0.000896923	0
830	0.000895773	0
831	0.000894627	0
832	0.000893483	0
833	0.000892342	0
834	0.000891203	0
835	0.000890068	0
836	0.000888935	0
837	0.000887804	0
838	0.000886677	0
839	0.000885552	0
840	0.000884429	0
841	0.00088331	0
842	0.000882193	0
843	0.000881078	0
844	0.000879966	0
845	0.000878857	0
846	0.00087775	0
847	0.000876646	0
848	0.000875545	0
849	0.000874446	0
850	0.00087335	0
851	0.000872256	0
852	0.000871164	0
853	0.000870076	0
854	0.000868989	0
855	0.000867906	0
856	0.000866824	0
857	0.000865745	0
858	0.000864669	0
859	0.000863595	0
860	0.000862524	0
861	0.000861455	0
862	0.000860388	0
863	0.000859324	0
864	0.000858263	0
865	0.000857203	0
866	0.000856147	0
867	0.000855092	0
868	0.00085404	0
869	0.00085299	0
870	0.000851943	0
871	0.000850898	0
872	0.000849855	0
873	0.000848815	0
874	0.000847777	0
875	0.000846741	0
876	0.000845708	0
877	0.000844677	0
878	0.000843648	0
879	0.000842622	0
880	0.000841598	0
881	0.000840576	0
882	0.000839556	0
883	0.000838539	0
884	0.000837523	0
885	0.000836511	0
886	0.0008355	0
887	0.000834491	0
888	0.000833485	0
889	0.000832481	0
890	0.000831479	0
891	0.00083048	0
892	0.000829482	0
893	0.000828487	0
894	0.000827494	0
895	0.000826503	0
896	0.000825514	0
897	0.000824527	0
898	0.000823542	0
899	0.00082256	0
900	0.00082158	0
901	0.000820601	0
902	0.000819625	0
903	0.000818651	0
904	0.000817679	0
905	0.000816709	0
906	0.000815741	0
907	0.000814776	0
908	0.000813812	0
909	0.00081285	0
910	0.000811891	0
911	0.000810933	0
912	0.000809977	0
913	0.000809024	0
914	0.000808072	0
915	0.000807123	0
916	0.000806175	0
917	0.000805229	0
918	0.000804286	0
919	0.000803344	0
920	0.000802405	0
921	0.000801467	0
922	0.000800531	0
923	0.000799597	0
924	0.000798665	0
925	0.000797735	0
926	0.000796807	0
927	0.000795881	0
928	0.000794957	0
929	0.000794035	0
930	0.000793114	0
931	0.000792196	0
932	0.000791279	0
933	0.000790365	0
934	0.000789452	0
935	0.000788541	0
936	0.000787631	0
937	0.000786724	0
938	0.000785819	0
939	0.000784915	0
940	0.000784013	0
941	0.000783113	0
942	0.000782215	0
943	0.000781318	0
944	0.000780424	0
945	0.000779531	0
946	0.00077864	0
947	0.000777751	0
948	0.000776863	0
949	0.000775978	0
950	0.000775094	0
951	0.000774211	0
952	0.000773331	0
953	0.000772452	0
954	0.000771575	0
955	0.0007707	0
956	0.000769827	0
957	0.000768955	0
958	0.000768085	0
959	0.000767216	0
960	0.00076635	0
961	0.000765485	0
962	0.000764622	0
963	0.00076376	0
964	0.0007629	0
965	0.000762042	0
966	0.000761185	0
967	0.00076033	0
968	0.000759477	0
969	0.000758625	0
970	0.000757775	0
971	0.000756927	0
972	0.00075608	0
973	0.000755235	0
974	0.000754391	0
975	0.000753549	0
976	0.000752709	0
977	0.00075187	0
978	0.000751033	0
979	0.000750198	0
980	0.000749364	0
981	0.000748531	0
982	0.000747701	0
983	0.000746871	0
984	0.000746044	0
985	0.000745217	0
986	0.000744393	0
987	0.00074357	0
988	0.000742748	0
989	0.000741928	0
990	0.00074111	0
991	0.000740293	0
992	0.000739477	0
993	0.000738663	0
994	0.000737851	0
995	0.00073704	0
996	0.00073623	0
997	0.000735423	0
998	0.000734616	0
999	0.000733811	0
1000	0.000733007	0