Iteration	 Training error	 Validation error 
1	0.320841	0
2	0.286891	0
3	0.267956	0
4	0.253922	0
5	0.242992	0
6	0.234918	0
7	0.227499	0
8	0.220779	0
9	0.21472	0
10	0.209059	0
11	0.203828	0
12	0.199017	0
13	0.194502	0
14	0.190182	0
15	0.185991	0
16	0.181992	0
17	0.178281	0
18	0.174825	0
19	0.171537	0
20	0.168401	0
21	0.165398	0
22	0.162455	0
23	0.159538	0
24	0.156711	0
25	0.154022	0
26	0.151445	0
27	0.148975	0
28	0.146608	0
29	0.144352	0
30	0.142269	0
31	0.140381	0
32	0.138649	0
33	0.13703	0
34	0.135504	0
35	0.134047	0
36	0.132637	0
37	0.131268	0
38	0.129947	0
39	0.128689	0
40	0.127504	0
41	0.126394	0
42	0.125343	0
43	0.124334	0
44	0.123353	0
45	0.122388	0
46	0.121424	0
47	0.120447	0
48	0.11946	0
49	0.118473	0
50	0.1175	0
51	0.116551	0
52	0.115631	0
53	0.114735	0
54	0.113862	0
55	0.113019	0
56	0.112216	0
57	0.111454	0
58	0.110729	0
59	0.110035	0
60	0.109369	0
61	0.108731	0
62	0.108119	0
63	0.107533	0
64	0.106968	0
65	0.106422	0
66	0.105895	0
67	0.105384	0
68	0.104884	0
69	0.104393	0
70	0.103908	0
71	0.103429	0
72	0.102957	0
73	0.102494	0
74	0.102041	0
75	0.101597	0
76	0.101164	0
77	0.10074	0
78	0.100326	0
79	0.0999208	0
80	0.0995226	0
81	0.0991291	0
82	0.0987376	0
83	0.0983452	0
84	0.0979488	0
85	0.0975453	0
86	0.0971318	0
87	0.096708	0
88	0.0962775	0
89	0.095849	0
90	0.0954308	0
91	0.0950256	0
92	0.0946313	0
93	0.0942451	0
94	0.0938648	0
95	0.0934884	0
96	0.0931139	0
97	0.0927392	0
98	0.0923627	0
99	0.0919824	0
100	0.0915964	0
101	0.0912021	0
102	0.0907963	0
103	0.0903758	0
104	0.0899409	0
105	0.0895012	0
106	0.0890721	0
107	0.0886612	0
108	0.0882647	0
109	0.0878735	0
110	0.0874768	0
111	0.0870604	0
112	0.0866094	0
113	0.0861204	0
114	0.085616	0
115	0.0851324	0
116	0.0846999	0
117	0.0843141	0
118	0.0839492	0
119	0.0835936	0
120	0.0832449	0
121	0.0829081	0
122	0.0825891	0
123	0.082282	0
124	0.0819788	0
125	0.0816774	0
126	0.0813807	0
127	0.081094	0
128	0.0808207	0
129	0.0805599	0
130	0.0803085	0
131	0.080063	0
132	0.0798204	0
133	0.079578	0
134	0.0793329	0
135	0.0790821	0
136	0.0788232	0
137	0.0785548	0
138	0.0782791	0
139	0.0780029	0
140	0.0777366	0
141	0.0774864	0
142	0.0772502	0
143	0.0770231	0
144	0.0767995	0
145	0.0765751	0
146	0.0763474	0
147	0.0761154	0
148	0.0758793	0
149	0.0756437	0
150	0.0754196	0
151	0.0752157	0
152	0.0750303	0
153	0.0748575	0
154	0.0746924	0
155	0.0745321	0
156	0.0743742	0
157	0.0742163	0
158	0.0740552	0
159	0.0738865	0
160	0.0737036	0
161	0.0734963	0
162	0.0732507	0
163	0.0729579	0
164	0.0726493	0
165	0.0723762	0
166	0.072119	0
167	0.0718854	0
168	0.0716889	0
169	0.0715082	0
170	0.0713282	0
171	0.071136	0
172	0.0709246	0
173	0.0707007	0
174	0.0704854	0
175	0.0702841	0
176	0.0700909	0
177	0.0699034	0
178	0.0697165	0
179	0.0695292	0
180	0.0693397	0
181	0.0691504	0
182	0.0689634	0
183	0.068779	0
184	0.0685963	0
185	0.068412	0
186	0.0682244	0
187	0.06803	0
188	0.0678244	0
189	0.0676013	0
190	0.0673568	0
191	0.0670991	0
192	0.0668473	0
193	0.0666118	0
194	0.0663925	0
195	0.0661862	0
196	0.0659877	0
197	0.0657964	0
198	0.065612	0
199	0.0654361	0
200	0.0652704	0
201	0.0651146	0
202	0.0649684	0
203	0.0648297	0
204	0.0646984	0
205	0.0645728	0
206	0.0644532	0
207	0.0643379	0
208	0.0642274	0
209	0.0641202	0
210	0.0640167	0
211	0.0639158	0
212	0.0638171	0
213	0.0637204	0
214	0.0636245	0
215	0.06353	0
216	0.063435	0
217	0.0633402	0
218	0.0632434	0
219	0.0631444	0
220	0.0630409	0
221	0.0629314	0
222	0.0628138	0
223	0.0626882	0
224	0.0625593	0
225	0.0624338	0
226	0.0623171	0
227	0.0622102	0
228	0.0621118	0
229	0.0620188	0
230	0.0619298	0
231	0.0618432	0
232	0.0617584	0
233	0.061675	0
234	0.0615927	0
235	0.0615114	0
236	0.0614306	0
237	0.0613499	0
238	0.0612686	0
239	0.0611858	0
240	0.0611005	0
241	0.0610112	0
242	0.0609167	0
243	0.0608163	0
244	0.0607121	0
245	0.0606089	0
246	0.06051	0
247	0.0604154	0
248	0.0603243	0
249	0.0602362	0
250	0.0601506	0
251	0.0600672	0
252	0.059986	0
253	0.059907	0
254	0.0598298	0
255	0.0597537	0
256	0.0596775	0
257	0.0596005	0
258	0.0595219	0
259	0.0594411	0
260	0.0593582	0
261	0.0592731	0
262	0.0591855	0
263	0.0590953	0
264	0.0590033	0
265	0.0589117	0
266	0.0588229	0
267	0.0587384	0
268	0.0586581	0
269	0.0585814	0
270	0.0585076	0
271	0.0584364	0
272	0.0583678	0
273	0.0583015	0
274	0.0582377	0
275	0.058176	0
276	0.0581164	0
277	0.0580585	0
278	0.0580022	0
279	0.057947	0
280	0.0578927	0
281	0.0578392	0
282	0.0577861	0
283	0.0577332	0
284	0.0576805	0
285	0.0576276	0
286	0.0575745	0
287	0.0575212	0
288	0.0574676	0
289	0.057414	0
290	0.0573604	0
291	0.0573071	0
292	0.0572545	0
293	0.0572028	0
294	0.057152	0
295	0.0571023	0
296	0.0570536	0
297	0.0570059	0
298	0.0569592	0
299	0.0569133	0
300	0.0568682	0
301	0.0568238	0
302	0.0567801	0
303	0.056737	0
304	0.0566943	0
305	0.0566521	0
306	0.0566103	0
307	0.0565687	0
308	0.0565273	0
309	0.056486	0
310	0.0564446	0
311	0.0564027	0
312	0.0563602	0
313	0.0563165	0
314	0.0562708	0
315	0.056222	0
316	0.0561684	0
317	0.0561077	0
318	0.0560377	0
319	0.0559596	0
320	0.0558819	0
321	0.055813	0
322	0.0557505	0
323	0.0556898	0
324	0.0556297	0
325	0.0555705	0
326	0.0555136	0
327	0.0554601	0
328	0.0554099	0
329	0.0553624	0
330	0.0553167	0
331	0.0552722	0
332	0.0552284	0
333	0.055185	0
334	0.0551418	0
335	0.0550986	0
336	0.0550553	0
337	0.0550118	0
338	0.0549681	0
339	0.0549243	0
340	0.0548805	0
341	0.0548368	0
342	0.0547934	0
343	0.0547505	0
344	0.0547079	0
345	0.0546657	0
346	0.0546239	0
347	0.0545822	0
348	0.0545406	0
349	0.0544988	0
350	0.0544567	0
351	0.054414	0
352	0.0543703	0
353	0.0543251	0
354	0.0542777	0
355	0.0542274	0
356	0.0541728	0
357	0.0541127	0
358	0.0540457	0
359	0.0539724	0
360	0.0538968	0
361	0.053825	0
362	0.0537602	0
363	0.0537025	0
364	0.0536499	0
365	0.0536003	0
366	0.0535524	0
367	0.053505	0
368	0.053457	0
369	0.0534074	0
370	0.0533549	0
371	0.0532982	0
372	0.0532361	0
373	0.0531685	0
374	0.0530973	0
375	0.0530266	0
376	0.0529587	0
377	0.0528933	0
378	0.0528292	0
379	0.0527658	0
380	0.0527045	0
381	0.0526467	0
382	0.0525929	0
383	0.0525418	0
384	0.0524925	0
385	0.0524445	0
386	0.052397	0
387	0.0523498	0
388	0.0523021	0
389	0.0522533	0
390	0.0522025	0
391	0.0521489	0
392	0.0520923	0
393	0.0520337	0
394	0.0519756	0
395	0.0519203	0
396	0.051869	0
397	0.051821	0
398	0.0517752	0
399	0.0517306	0
400	0.0516865	0
401	0.0516423	0
402	0.0515978	0
403	0.0515528	0
404	0.0515071	0
405	0.0514605	0
406	0.0514127	0
407	0.051364	0
408	0.0513148	0
409	0.0512661	0
410	0.0512192	0
411	0.051175	0
412	0.0511334	0
413	0.0510943	0
414	0.0510571	0
415	0.0510214	0
416	0.050987	0
417	0.0509537	0
418	0.0509213	0
419	0.0508896	0
420	0.0508586	0
421	0.0508281	0
422	0.0507981	0
423	0.0507685	0
424	0.0507392	0
425	0.0507102	0
426	0.0506815	0
427	0.050653	0
428	0.0506246	0
429	0.0505963	0
430	0.050568	0
431	0.0505396	0
432	0.0505112	0
433	0.0504826	0
434	0.0504537	0
435	0.0504244	0
436	0.0503945	0
437	0.0503638	0
438	0.050332	0
439	0.0502985	0
440	0.0502627	0
441	0.0502236	0
442	0.0501795	0
443	0.0501284	0
444	0.0500686	0
445	0.0500013	0
446	0.0499339	0
447	0.0498748	0
448	0.0498249	0
449	0.0497802	0
450	0.0497382	0
451	0.0496974	0
452	0.0496572	0
453	0.0496175	0
454	0.0495783	0
455	0.04954	0
456	0.049503	0
457	0.0494675	0
458	0.0494336	0
459	0.049401	0
460	0.0493697	0
461	0.0493395	0
462	0.0493102	0
463	0.0492818	0
464	0.0492541	0
465	0.0492271	0
466	0.0492007	0
467	0.0491748	0
468	0.0491494	0
469	0.0491243	0
470	0.0490997	0
471	0.0490753	0
472	0.0490513	0
473	0.0490275	0
474	0.049004	0
475	0.0489807	0
476	0.0489576	0
477	0.0489348	0
478	0.0489121	0
479	0.0488897	0
480	0.0488675	0
481	0.0488454	0
482	0.0488235	0
483	0.0488017	0
484	0.04878	0
485	0.0487584	0
486	0.0487369	0
487	0.0487154	0
488	0.0486939	0
489	0.0486723	0
490	0.0486505	0
491	0.0486284	0
492	0.0486059	0
493	0.0485828	0
494	0.0485591	0
495	0.0485343	0
496	0.0485085	0
497	0.0484814	0
498	0.0484531	0
499	0.0484239	0
500	0.0483947	0