Iteration	 Training error	 Validation error 
1	0.00333131	0
2	0.00327855	0
3	0.00322716	0
4	0.00317736	0
5	0.00312907	0
6	0.00308223	0
7	0.00303677	0
8	0.00299264	0
9	0.00294977	0
10	0.00290811	0
11	0.00286761	0
12	0.00282822	0
13	0.0027899	0
14	0.0027526	0
15	0.00271629	0
16	0.00268092	0
17	0.00264645	0
18	0.00261286	0
19	0.00258011	0
20	0.00254816	0
21	0.002517	0
22	0.00248658	0
23	0.00245689	0
24	0.0024279	0
25	0.00239958	0
26	0.00237191	0
27	0.00234486	0
28	0.00231843	0
29	0.00229258	0
30	0.0022673	0
31	0.00224256	0
32	0.00221836	0
33	0.00219467	0
34	0.00217147	0
35	0.00214876	0
36	0.00212652	0
37	0.00210473	0
38	0.00208338	0
39	0.00206245	0
40	0.00204194	0
41	0.00202183	0
42	0.0020021	0
43	0.00198276	0
44	0.00196378	0
45	0.00194516	0
46	0.00192689	0
47	0.00190895	0
48	0.00189134	0
49	0.00187405	0
50	0.00185708	0
51	0.0018404	0
52	0.00182402	0
53	0.00180792	0
54	0.0017921	0
55	0.00177656	0
56	0.00176128	0
57	0.00174625	0
58	0.00173148	0
59	0.00171696	0
60	0.00170267	0
61	0.00168862	0
62	0.00167479	0
63	0.00166119	0
64	0.0016478	0
65	0.00163463	0
66	0.00162166	0
67	0.00160889	0
68	0.00159632	0
69	0.00158395	0
70	0.00157176	0
71	0.00155976	0
72	0.00154793	0
73	0.00153628	0
74	0.00152481	0
75	0.0015135	0
76	0.00150236	0
77	0.00149137	0
78	0.00148055	0
79	0.00146988	0
80	0.00145936	0
81	0.00144898	0
82	0.00143876	0
83	0.00142867	0
84	0.00141872	0
85	0.00140891	0
86	0.00139923	0
87	0.00138968	0
88	0.00138026	0
89	0.00137097	0
90	0.00136179	0
91	0.00135274	0
92	0.00134381	0
93	0.00133499	0
94	0.00132628	0
95	0.00131769	0
96	0.0013092	0
97	0.00130082	0
98	0.00129255	0
99	0.00128438	0
100	0.00127631	0
101	0.00126834	0
102	0.00126047	0
103	0.0012527	0
104	0.00124501	0
105	0.00123742	0
106	0.00122993	0
107	0.00122252	0
108	0.00121519	0
109	0.00120796	0
110	0.0012008	0
111	0.00119374	0
112	0.00118675	0
113	0.00117984	0
114	0.00117301	0
115	0.00116626	0
116	0.00115959	0
117	0.00115299	0
118	0.00114646	0
119	0.00114	0
120	0.00113362	0
121	0.00112731	0
122	0.00112106	0
123	0.00111489	0
124	0.00110878	0
125	0.00110273	0
126	0.00109675	0
127	0.00109084	0
128	0.00108498	0
129	0.00107919	0
130	0.00107346	0
131	0.00106779	0
132	0.00106217	0
133	0.00105662	0
134	0.00105112	0
135	0.00104567	0
136	0.00104029	0
137	0.00103495	0
138	0.00102967	0
139	0.00102445	0
140	0.00101927	0
141	0.00101415	0
142	0.00100907	0
143	0.00100405	0
144	0.000999076	0
145	0.000994149	0
146	0.00098927	0
147	0.000984438	0
148	0.000979652	0
149	0.000974912	0
150	0.000970216	0
151	0.000965565	0
152	0.000960957	0
153	0.000956393	0
154	0.00095187	0
155	0.00094739	0
156	0.000942951	0
157	0.000938553	0
158	0.000934194	0
159	0.000929876	0
160	0.000925596	0
161	0.000921355	0
162	0.000917152	0
163	0.000912987	0
164	0.000908858	0
165	0.000904766	0
166	0.00090071	0
167	0.00089669	0
168	0.000892705	0
169	0.000888754	0
170	0.000884838	0
171	0.000880955	0
172	0.000877106	0
173	0.00087329	0
174	0.000869506	0
175	0.000865754	0
176	0.000862034	0
177	0.000858345	0
178	0.000854687	0
179	0.000851059	0
180	0.000847462	0
181	0.000843894	0
182	0.000840356	0
183	0.000836847	0
184	0.000833366	0
185	0.000829914	0
186	0.00082649	0
187	0.000823093	0
188	0.000819724	0
189	0.000816381	0
190	0.000813065	0
191	0.000809776	0
192	0.000806513	0
193	0.000803275	0
194	0.000800063	0
195	0.000796875	0
196	0.000793713	0
197	0.000790575	0
198	0.000787462	0
199	0.000784372	0
200	0.000781306	0
201	0.000778264	0
202	0.000775245	0
203	0.000772248	0
204	0.000769275	0
205	0.000766323	0
206	0.000763394	0
207	0.000760487	0
208	0.000757601	0
209	0.000754737	0
210	0.000751894	0
211	0.000749072	0
212	0.00074627	0
213	0.000743489	0
214	0.000740729	0
215	0.000737988	0
216	0.000735267	0
217	0.000732566	0
218	0.000729884	0
219	0.000727222	0
220	0.000724578	0
221	0.000721953	0
222	0.000719347	0
223	0.000716759	0
224	0.000714189	0
225	0.000711638	0
226	0.000709104	0
227	0.000706588	0
228	0.000704089	0
229	0.000701607	0
230	0.000699143	0
231	0.000696695	0
232	0.000694265	0
233	0.000691851	0
234	0.000689453	0
235	0.000687071	0
236	0.000684706	0
237	0.000682356	0
238	0.000680023	0
239	0.000677704	0
240	0.000675402	0
241	0.000673114	0
242	0.000670842	0
243	0.000668585	0
244	0.000666342	0
245	0.000664114	0
246	0.000661901	0
247	0.000659702	0
248	0.000657518	0
249	0.000655347	0
250	0.000653191	0
251	0.000651048	0
252	0.00064892	0
253	0.000646804	0
254	0.000644703	0
255	0.000642614	0
256	0.000640539	0
257	0.000638477	0
258	0.000636428	0
259	0.000634392	0
260	0.000632368	0
261	0.000630357	0
262	0.000628359	0
263	0.000626373	0
264	0.000624399	0
265	0.000622437	0
266	0.000620488	0
267	0.00061855	0
268	0.000616624	0
269	0.00061471	0
270	0.000612807	0
271	0.000610916	0
272	0.000609037	0
273	0.000607168	0
274	0.000605311	0
275	0.000603465	0
276	0.00060163	0
277	0.000599806	0
278	0.000597993	0
279	0.00059619	0
280	0.000594398	0
281	0.000592617	0
282	0.000590846	0
283	0.000589085	0
284	0.000587334	0
285	0.000585594	0
286	0.000583864	0
287	0.000582144	0
288	0.000580433	0
289	0.000578733	0
290	0.000577042	0
291	0.000575361	0
292	0.000573689	0
293	0.000572027	0
294	0.000570374	0
295	0.000568731	0
296	0.000567097	0
297	0.000565472	0
298	0.000563856	0
299	0.000562249	0
300	0.000560651	0
301	0.000559062	0
302	0.000557482	0
303	0.00055591	0
304	0.000554347	0
305	0.000552793	0
306	0.000551247	0
307	0.00054971	0
308	0.000548181	0
309	0.00054666	0
310	0.000545148	0
311	0.000543643	0
312	0.000542147	0
313	0.000540659	0
314	0.000539179	0
315	0.000537707	0
316	0.000536242	0
317	0.000534786	0
318	0.000533337	0
319	0.000531896	0
320	0.000530462	0
321	0.000529036	0
322	0.000527617	0
323	0.000526206	0
324	0.000524802	0
325	0.000523406	0
326	0.000522017	0
327	0.000520635	0
328	0.00051926	0
329	0.000517892	0
330	0.000516531	0
331	0.000515177	0
332	0.000513831	0
333	0.000512491	0
334	0.000511158	0
335	0.000509831	0
336	0.000508511	0
337	0.000507198	0
338	0.000505892	0
339	0.000504592	0
340	0.000503299	0
341	0.000502012	0
342	0.000500732	0
343	0.000499458	0
344	0.00049819	0
345	0.000496929	0
346	0.000495673	0
347	0.000494425	0
348	0.000493182	0
349	0.000491945	0
350	0.000490714	0
351	0.00048949	0
352	0.000488271	0
353	0.000487058	0
354	0.000485851	0
355	0.00048465	0
356	0.000483455	0
357	0.000482265	0
358	0.000481081	0
359	0.000479903	0
360	0.000478731	0
361	0.000477564	0
362	0.000476402	0
363	0.000475247	0
364	0.000474096	0
365	0.000472951	0
366	0.000471812	0
367	0.000470678	0
368	0.000469549	0
369	0.000468425	0
370	0.000467307	0
371	0.000466194	0
372	0.000465086	0
373	0.000463983	0
374	0.000462885	0
375	0.000461792	0
376	0.000460705	0
377	0.000459622	0
378	0.000458545	0
379	0.000457472	0
380	0.000456404	0
381	0.000455341	0
382	0.000454283	0
383	0.00045323	0
384	0.000452181	0
385	0.000451137	0
386	0.000450098	0
387	0.000449064	0
388	0.000448034	0
389	0.000447009	0
390	0.000445988	0
391	0.000444972	0
392	0.00044396	0
393	0.000442953	0
394	0.000441951	0
395	0.000440953	0
396	0.000439959	0
397	0.000438969	0
398	0.000437984	0
399	0.000437003	0
400	0.000436027	0
401	0.000435055	0
402	0.000434087	0
403	0.000433123	0
404	0.000432163	0
405	0.000431208	0
406	0.000430257	0
407	0.000429309	0
408	0.000428366	0
409	0.000427427	0
410	0.000426492	0
411	0.000425561	0
412	0.000424634	0
413	0.00042371	0
414	0.000422791	0
415	0.000421876	0
416	0.000420964	0
417	0.000420056	0
418	0.000419153	0
419	0.000418252	0
420	0.000417356	0
421	0.000416464	0
422	0.000415575	0
423	0.00041469	0
424	0.000413808	0
425	0.00041293	0
426	0.000412056	0
427	0.000411186	0
428	0.000410319	0
429	0.000409455	0
430	0.000408595	0
431	0.000407739	0
432	0.000406886	0
433	0.000406037	0
434	0.000405191	0
435	0.000404348	0
436	0.000403509	0
437	0.000402674	0
438	0.000401841	0
439	0.000401012	0
440	0.000400187	0
441	0.000399365	0
442	0.000398546	0
443	0.00039773	0
444	0.000396917	0
445	0.000396108	0
446	0.000395302	0
447	0.000394499	0
448	0.0003937	0
449	0.000392903	0
450	0.00039211	0
451	0.00039132	0
452	0.000390533	0
453	0.000389749	0
454	0.000388968	0
455	0.00038819	0
456	0.000387415	0
457	0.000386643	0
458	0.000385875	0
459	0.000385109	0
460	0.000384346	0
461	0.000383586	0
462	0.000382829	0
463	0.000382075	0
464	0.000381324	0
465	0.000380575	0
466	0.00037983	0
467	0.000379087	0
468	0.000378348	0
469	0.000377611	0
470	0.000376876	0
471	0.000376145	0
472	0.000375417	0
473	0.000374691	0
474	0.000373968	0
475	0.000373247	0
476	0.00037253	0
477	0.000371815	0
478	0.000371102	0
479	0.000370393	0
480	0.000369686	0
481	0.000368981	0
482	0.00036828	0
483	0.00036758	0
484	0.000366884	0
485	0.00036619	0
486	0.000365498	0
487	0.00036481	0
488	0.000364123	0
489	0.000363439	0
490	0.000362758	0
491	0.000362079	0
492	0.000361403	0
493	0.000360729	0
494	0.000360058	0
495	0.000359389	0
496	0.000358722	0
497	0.000358058	0
498	0.000357396	0
499	0.000356737	0
500	0.00035608	0
501	0.000355425	0
502	0.000354773	0
503	0.000354123	0
504	0.000353475	0
505	0.00035283	0
506	0.000352187	0
507	0.000351546	0
508	0.000350907	0
509	0.000350271	0
510	0.000349637	0
511	0.000349006	0
512	0.000348376	0
513	0.000347749	0
514	0.000347124	0
515	0.000346501	0
516	0.00034588	0
517	0.000345261	0
518	0.000344645	0
519	0.000344031	0
520	0.000343419	0
521	0.000342809	0
522	0.000342201	0
523	0.000341595	0
524	0.000340991	0
525	0.00034039	0
526	0.00033979	0
527	0.000339193	0
528	0.000338597	0
529	0.000338004	0
530	0.000337413	0
531	0.000336823	0
532	0.000336236	0
533	0.000335651	0
534	0.000335067	0
535	0.000334486	0
536	0.000333906	0
537	0.000333329	0
538	0.000332753	0
539	0.00033218	0
540	0.000331608	0
541	0.000331038	0
542	0.000330471	0
543	0.000329905	0
544	0.000329341	0
545	0.000328779	0
546	0.000328218	0
547	0.00032766	0
548	0.000327103	0
549	0.000326549	0
550	0.000325996	0
551	0.000325445	0
552	0.000324895	0
553	0.000324348	0
554	0.000323802	0
555	0.000323258	0
556	0.000322716	0
557	0.000322176	0
558	0.000321638	0
559	0.000321101	0
560	0.000320566	0
561	0.000320032	0
562	0.000319501	0
563	0.000318971	0
564	0.000318443	0
565	0.000317917	0
566	0.000317392	0
567	0.000316869	0
568	0.000316347	0
569	0.000315828	0
570	0.00031531	0
571	0.000314793	0
572	0.000314279	0
573	0.000313765	0
574	0.000313254	0
575	0.000312744	0
576	0.000312236	0
577	0.000311729	0
578	0.000311224	0
579	0.000310721	0
580	0.000310219	0
581	0.000309719	0
582	0.00030922	0
583	0.000308723	0
584	0.000308228	0
585	0.000307734	0
586	0.000307241	0
587	0.00030675	0
588	0.000306261	0
589	0.000305773	0
590	0.000305287	0
591	0.000304802	0
592	0.000304319	0
593	0.000303837	0
594	0.000303356	0
595	0.000302878	0
596	0.0003024	0
597	0.000301924	0
598	0.00030145	0
599	0.000300977	0
600	0.000300505	0
601	0.000300035	0
602	0.000299566	0
603	0.000299099	0
604	0.000298633	0
605	0.000298169	0
606	0.000297706	0
607	0.000297244	0
608	0.000296784	0
609	0.000296325	0
610	0.000295868	0
611	0.000295412	0
612	0.000294957	0
613	0.000294504	0
614	0.000294052	0
615	0.000293601	0
616	0.000293152	0
617	0.000292704	0
618	0.000292257	0
619	0.000291812	0
620	0.000291368	0
621	0.000290925	0
622	0.000290484	0
623	0.000290044	0
624	0.000289605	0
625	0.000289168	0
626	0.000288732	0
627	0.000288297	0
628	0.000287863	0
629	0.000287431	0
630	0.000287	0
631	0.00028657	0
632	0.000286141	0
633	0.000285714	0
634	0.000285288	0
635	0.000284863	0
636	0.00028444	0
637	0.000284017	0
638	0.000283596	0
639	0.000283176	0
640	0.000282758	0
641	0.00028234	0
642	0.000281924	0
643	0.000281509	0
644	0.000281095	0
645	0.000280682	0
646	0.00028027	0
647	0.00027986	0
648	0.000279451	0
649	0.000279043	0
650	0.000278636	0
651	0.00027823	0
652	0.000277826	0
653	0.000277422	0
654	0.00027702	0
655	0.000276619	0
656	0.000276219	0
657	0.00027582	0
658	0.000275422	0
659	0.000275026	0
660	0.00027463	0
661	0.000274236	0
662	0.000273842	0
663	0.00027345	0
664	0.000273059	0
665	0.000272669	0
666	0.00027228	0
667	0.000271892	0
668	0.000271506	0
669	0.00027112	0
670	0.000270735	0
671	0.000270352	0
672	0.000269969	0
673	0.000269588	0
674	0.000269207	0
675	0.000268828	0
676	0.00026845	0
677	0.000268072	0
678	0.000267696	0
679	0.000267321	0
680	0.000266947	0
681	0.000266573	0
682	0.000266201	0
683	0.00026583	0
684	0.00026546	0
685	0.000265091	0
686	0.000264723	0
687	0.000264356	0
688	0.000263989	0
689	0.000263624	0
690	0.00026326	0
691	0.000262897	0
692	0.000262535	0
693	0.000262173	0
694	0.000261813	0
695	0.000261454	0
696	0.000261095	0
697	0.000260738	0
698	0.000260382	0
699	0.000260026	0
700	0.000259672	0
701	0.000259318	0
702	0.000258965	0
703	0.000258614	0
704	0.000258263	0
705	0.000257913	0
706	0.000257564	0
707	0.000257216	0
708	0.000256869	0
709	0.000256523	0
710	0.000256177	0
711	0.000255833	0
712	0.000255489	0
713	0.000255147	0
714	0.000254805	0
715	0.000254464	0
716	0.000254124	0
717	0.000253785	0
718	0.000253447	0
719	0.00025311	0
720	0.000252774	0
721	0.000252438	0
722	0.000252103	0
723	0.00025177	0
724	0.000251437	0
725	0.000251105	0
726	0.000250773	0
727	0.000250443	0
728	0.000250114	0
729	0.000249785	0
730	0.000249457	0
731	0.00024913	0
732	0.000248804	0
733	0.000248479	0
734	0.000248154	0
735	0.00024783	0
736	0.000247508	0
737	0.000247186	0
738	0.000246864	0
739	0.000246544	0
740	0.000246224	0
741	0.000245906	0
742	0.000245588	0
743	0.00024527	0
744	0.000244954	0
745	0.000244638	0
746	0.000244324	0
747	0.00024401	0
748	0.000243696	0
749	0.000243384	0
750	0.000243072	0
751	0.000242761	0
752	0.000242451	0
753	0.000242142	0
754	0.000241833	0
755	0.000241526	0
756	0.000241219	0
757	0.000240912	0
758	0.000240607	0
759	0.000240302	0
760	0.000239998	0
761	0.000239695	0
762	0.000239392	0
763	0.000239091	0
764	0.00023879	0
765	0.000238489	0
766	0.00023819	0
767	0.000237891	0
768	0.000237593	0
769	0.000237295	0
770	0.000236999	0
771	0.000236703	0
772	0.000236408	0
773	0.000236113	0
774	0.000235819	0
775	0.000235526	0
776	0.000235234	0
777	0.000234942	0
778	0.000234652	0
779	0.000234361	0
780	0.000234072	0
781	0.000233783	0
782	0.000233495	0
783	0.000233207	0
784	0.000232921	0
785	0.000232635	0
786	0.000232349	0
787	0.000232064	0
788	0.00023178	0
789	0.000231497	0
790	0.000231214	0
791	0.000230932	0
792	0.000230651	0
793	0.00023037	0
794	0.00023009	0
795	0.000229811	0
796	0.000229532	0
797	0.000229254	0
798	0.000228977	0
799	0.0002287	0
800	0.000228424	0
801	0.000228149	0
802	0.000227874	0
803	0.0002276	0
804	0.000227327	0
805	0.000227054	0
806	0.000226782	0
807	0.00022651	0
808	0.000226239	0
809	0.000225969	0
810	0.000225699	0
811	0.00022543	0
812	0.000225162	0
813	0.000224894	0
814	0.000224627	0
815	0.00022436	0
816	0.000224094	0
817	0.000223829	0
818	0.000223564	0
819	0.0002233	0
820	0.000223037	0
821	0.000222774	0
822	0.000222511	0
823	0.00022225	0
824	0.000221989	0
825	0.000221728	0
826	0.000221468	0
827	0.000221209	0
828	0.00022095	0
829	0.000220692	0
830	0.000220435	0
831	0.000220178	0
832	0.000219921	0
833	0.000219666	0
834	0.00021941	0
835	0.000219156	0
836	0.000218902	0
837	0.000218648	0
838	0.000218395	0
839	0.000218143	0
840	0.000217891	0
841	0.00021764	0
842	0.00021739	0
843	0.000217139	0
844	0.00021689	0
845	0.000216641	0
846	0.000216393	0
847	0.000216145	0
848	0.000215897	0
849	0.000215651	0
850	0.000215405	0
851	0.000215159	0
852	0.000214914	0
853	0.000214669	0
854	0.000214425	0
855	0.000214182	0
856	0.000213939	0
857	0.000213696	0
858	0.000213455	0
859	0.000213213	0
860	0.000212973	0
861	0.000212732	0
862	0.000212493	0
863	0.000212253	0
864	0.000212015	0
865	0.000211776	0
866	0.000211539	0
867	0.000211302	0
868	0.000211065	0
869	0.000210829	0
870	0.000210593	0
871	0.000210358	0
872	0.000210124	0
873	0.00020989	0
874	0.000209656	0
875	0.000209423	0
876	0.000209191	0
877	0.000208959	0
878	0.000208727	0
879	0.000208496	0
880	0.000208266	0
881	0.000208036	0
882	0.000207806	0
883	0.000207577	0
884	0.000207349	0
885	0.000207121	0
886	0.000206893	0
887	0.000206666	0
888	0.000206439	0
889	0.000206213	0
890	0.000205988	0
891	0.000205762	0
892	0.000205538	0
893	0.000205314	0
894	0.00020509	0
895	0.000204867	0
896	0.000204644	0
897	0.000204422	0
898	0.0002042	0
899	0.000203978	0
900	0.000203757	0
901	0.000203537	0
902	0.000203317	0
903	0.000203098	0
904	0.000202879	0
905	0.00020266	0
906	0.000202442	0
907	0.000202224	0
908	0.000202007	0
909	0.00020179	0
910	0.000201574	0
911	0.000201358	0
912	0.000201143	0
913	0.000200928	0
914	0.000200713	0
915	0.000200499	0
916	0.000200286	0
917	0.000200073	0
918	0.00019986	0
919	0.000199648	0
920	0.000199436	0
921	0.000199224	0
922	0.000199013	0
923	0.000198803	0
924	0.000198593	0
925	0.000198383	0
926	0.000198174	0
927	0.000197965	0
928	0.000197757	0
929	0.000197549	0
930	0.000197341	0
931	0.000197134	0
932	0.000196927	0
933	0.000196721	0
934	0.000196515	0
935	0.00019631	0
936	0.000196105	0
937	0.0001959	0
938	0.000195696	0
939	0.000195492	0
940	0.000195289	0
941	0.000195086	0
942	0.000194884	0
943	0.000194682	0
944	0.00019448	0
945	0.000194279	0
946	0.000194078	0
947	0.000193877	0
948	0.000193677	0
949	0.000193477	0
950	0.000193278	0
951	0.000193079	0
952	0.000192881	0
953	0.000192683	0
954	0.000192485	0
955	0.000192288	0
956	0.000192091	0
957	0.000191894	0
958	0.000191698	0
959	0.000191503	0
960	0.000191307	0
961	0.000191112	0
962	0.000190918	0
963	0.000190724	0
964	0.00019053	0
965	0.000190336	0
966	0.000190143	0
967	0.000189951	0
968	0.000189759	0
969	0.000189567	0
970	0.000189375	0
971	0.000189184	0
972	0.000188993	0
973	0.000188803	0
974	0.000188613	0
975	0.000188423	0
976	0.000188234	0
977	0.000188045	0
978	0.000187857	0
979	0.000187669	0
980	0.000187481	0
981	0.000187293	0
982	0.000187106	0
983	0.00018692	0
984	0.000186733	0
985	0.000186547	0
986	0.000186362	0
987	0.000186176	0
988	0.000185992	0
989	0.000185807	0
990	0.000185623	0
991	0.000185439	0
992	0.000185256	0
993	0.000185073	0
994	0.00018489	0
995	0.000184707	0
996	0.000184525	0
997	0.000184344	0
998	0.000184162	0
999	0.000183981	0
1000	0.000183801	0