Iteration	 Training error	 Validation error 
1	0.00229094	0
2	0.00226583	0
3	0.00224118	0
4	0.00221709	0
5	0.00219352	0
6	0.00217046	0
7	0.0021479	0
8	0.00212581	0
9	0.00210418	0
10	0.002083	0
11	0.00206225	0
12	0.00204192	0
13	0.002022	0
14	0.00200246	0
15	0.00198331	0
16	0.00196453	0
17	0.00194611	0
18	0.00192804	0
19	0.0019103	0
20	0.00189289	0
21	0.0018758	0
22	0.00185903	0
23	0.00184255	0
24	0.00182636	0
25	0.00181046	0
26	0.00179484	0
27	0.00177949	0
28	0.0017644	0
29	0.00174957	0
30	0.00173498	0
31	0.00172064	0
32	0.00170654	0
33	0.00169266	0
34	0.00167902	0
35	0.00166559	0
36	0.00165237	0
37	0.00163936	0
38	0.00162656	0
39	0.00161395	0
40	0.00160154	0
41	0.00158932	0
42	0.00157729	0
43	0.00156543	0
44	0.00155375	0
45	0.00154225	0
46	0.00153091	0
47	0.00151974	0
48	0.00150873	0
49	0.00149788	0
50	0.00148718	0
51	0.00147663	0
52	0.00146623	0
53	0.00145598	0
54	0.00144587	0
55	0.00143589	0
56	0.00142605	0
57	0.00141635	0
58	0.00140677	0
59	0.00139732	0
60	0.001388	0
61	0.0013788	0
62	0.00136972	0
63	0.00136076	0
64	0.00135191	0
65	0.00134317	0
66	0.00133455	0
67	0.00132604	0
68	0.00131763	0
69	0.00130933	0
70	0.00130112	0
71	0.00129302	0
72	0.00128502	0
73	0.00127712	0
74	0.00126931	0
75	0.0012616	0
76	0.00125397	0
77	0.00124644	0
78	0.00123899	0
79	0.00123164	0
80	0.00122436	0
81	0.00121718	0
82	0.00121007	0
83	0.00120305	0
84	0.0011961	0
85	0.00118923	0
86	0.00118244	0
87	0.00117573	0
88	0.00116909	0
89	0.00116252	0
90	0.00115603	0
91	0.00114961	0
92	0.00114325	0
93	0.00113697	0
94	0.00113075	0
95	0.0011246	0
96	0.00111851	0
97	0.00111249	0
98	0.00110653	0
99	0.00110063	0
100	0.00109479	0
101	0.00108902	0
102	0.0010833	0
103	0.00107764	0
104	0.00107204	0
105	0.0010665	0
106	0.00106101	0
107	0.00105558	0
108	0.0010502	0
109	0.00104487	0
110	0.0010396	0
111	0.00103437	0
112	0.0010292	0
113	0.00102408	0
114	0.00101901	0
115	0.00101399	0
116	0.00100901	0
117	0.00100408	0
118	0.000999201	0
119	0.000994366	0
120	0.000989576	0
121	0.000984831	0
122	0.00098013	0
123	0.000975473	0
124	0.000970858	0
125	0.000966285	0
126	0.000961755	0
127	0.000957265	0
128	0.000952816	0
129	0.000948407	0
130	0.000944037	0
131	0.000939706	0
132	0.000935414	0
133	0.00093116	0
134	0.000926943	0
135	0.000922763	0
136	0.000918619	0
137	0.000914511	0
138	0.000910439	0
139	0.000906402	0
140	0.000902399	0
141	0.000898431	0
142	0.000894496	0
143	0.000890595	0
144	0.000886726	0
145	0.00088289	0
146	0.000879085	0
147	0.000875313	0
148	0.000871571	0
149	0.000867861	0
150	0.000864181	0
151	0.000860531	0
152	0.00085691	0
153	0.000853319	0
154	0.000849757	0
155	0.000846224	0
156	0.000842719	0
157	0.000839242	0
158	0.000835793	0
159	0.000832371	0
160	0.000828976	0
161	0.000825607	0
162	0.000822265	0
163	0.000818949	0
164	0.000815659	0
165	0.000812394	0
166	0.000809154	0
167	0.000805939	0
168	0.000802749	0
169	0.000799583	0
170	0.000796441	0
171	0.000793323	0
172	0.000790228	0
173	0.000787156	0
174	0.000784108	0
175	0.000781082	0
176	0.000778078	0
177	0.000775097	0
178	0.000772138	0
179	0.0007692	0
180	0.000766284	0
181	0.000763389	0
182	0.000760515	0
183	0.000757662	0
184	0.000754829	0
185	0.000752017	0
186	0.000749225	0
187	0.000746453	0
188	0.0007437	0
189	0.000740967	0
190	0.000738253	0
191	0.000735558	0
192	0.000732883	0
193	0.000730225	0
194	0.000727587	0
195	0.000724966	0
196	0.000722364	0
197	0.00071978	0
198	0.000717213	0
199	0.000714664	0
200	0.000712132	0
201	0.000709617	0
202	0.00070712	0
203	0.000704639	0
204	0.000702175	0
205	0.000699728	0
206	0.000697297	0
207	0.000694882	0
208	0.000692483	0
209	0.0006901	0
210	0.000687732	0
211	0.00068538	0
212	0.000683044	0
213	0.000680723	0
214	0.000678417	0
215	0.000676126	0
216	0.000673849	0
217	0.000671588	0
218	0.000669341	0
219	0.000667108	0
220	0.000664889	0
221	0.000662685	0
222	0.000660495	0
223	0.000658318	0
224	0.000656155	0
225	0.000654006	0
226	0.00065187	0
227	0.000649748	0
228	0.000647639	0
229	0.000645543	0
230	0.00064346	0
231	0.00064139	0
232	0.000639332	0
233	0.000637287	0
234	0.000635255	0
235	0.000633235	0
236	0.000631227	0
237	0.000629232	0
238	0.000627248	0
239	0.000625276	0
240	0.000623317	0
241	0.000621369	0
242	0.000619432	0
243	0.000617508	0
244	0.000615594	0
245	0.000613692	0
246	0.000611801	0
247	0.000609922	0
248	0.000608053	0
249	0.000606195	0
250	0.000604348	0
251	0.000602512	0
252	0.000600687	0
253	0.000598872	0
254	0.000597067	0
255	0.000595273	0
256	0.00059349	0
257	0.000591716	0
258	0.000589952	0
259	0.000588199	0
260	0.000586456	0
261	0.000584722	0
262	0.000582998	0
263	0.000581284	0
264	0.000579579	0
265	0.000577884	0
266	0.000576199	0
267	0.000574523	0
268	0.000572856	0
269	0.000571198	0
270	0.00056955	0
271	0.00056791	0
272	0.00056628	0
273	0.000564658	0
274	0.000563046	0
275	0.000561442	0
276	0.000559847	0
277	0.00055826	0
278	0.000556682	0
279	0.000555113	0
280	0.000553552	0
281	0.000551999	0
282	0.000550455	0
283	0.000548919	0
284	0.000547391	0
285	0.000545871	0
286	0.000544359	0
287	0.000542855	0
288	0.000541359	0
289	0.000539871	0
290	0.000538391	0
291	0.000536919	0
292	0.000535454	0
293	0.000533997	0
294	0.000532547	0
295	0.000531105	0
296	0.00052967	0
297	0.000528243	0
298	0.000526823	0
299	0.00052541	0
300	0.000524005	0
301	0.000522606	0
302	0.000521215	0
303	0.000519831	0
304	0.000518453	0
305	0.000517083	0
306	0.00051572	0
307	0.000514363	0
308	0.000513014	0
309	0.000511671	0
310	0.000510334	0
311	0.000509005	0
312	0.000507682	0
313	0.000506365	0
314	0.000505055	0
315	0.000503751	0
316	0.000502454	0
317	0.000501163	0
318	0.000499879	0
319	0.000498601	0
320	0.000497329	0
321	0.000496063	0
322	0.000494803	0
323	0.00049355	0
324	0.000492302	0
325	0.00049106	0
326	0.000489825	0
327	0.000488595	0
328	0.000487371	0
329	0.000486153	0
330	0.000484941	0
331	0.000483735	0
332	0.000482534	0
333	0.000481339	0
334	0.000480149	0
335	0.000478965	0
336	0.000477787	0
337	0.000476614	0
338	0.000475447	0
339	0.000474285	0
340	0.000473129	0
341	0.000471977	0
342	0.000470832	0
343	0.000469691	0
344	0.000468556	0
345	0.000467426	0
346	0.000466301	0
347	0.000465181	0
348	0.000464067	0
349	0.000462957	0
350	0.000461852	0
351	0.000460753	0
352	0.000459658	0
353	0.000458569	0
354	0.000457484	0
355	0.000456404	0
356	0.00045533	0
357	0.000454259	0
358	0.000453194	0
359	0.000452133	0
360	0.000451078	0
361	0.000450026	0
362	0.00044898	0
363	0.000447938	0
364	0.0004469	0
365	0.000445868	0
366	0.000444839	0
367	0.000443816	0
368	0.000442796	0
369	0.000441782	0
370	0.000440771	0
371	0.000439765	0
372	0.000438764	0
373	0.000437766	0
374	0.000436773	0
375	0.000435785	0
376	0.0004348	0
377	0.00043382	0
378	0.000432844	0
379	0.000431872	0
380	0.000430904	0
381	0.000429941	0
382	0.000428981	0
383	0.000428026	0
384	0.000427074	0
385	0.000426127	0
386	0.000425183	0
387	0.000424244	0
388	0.000423308	0
389	0.000422377	0
390	0.000421449	0
391	0.000420525	0
392	0.000419605	0
393	0.000418689	0
394	0.000417777	0
395	0.000416868	0
396	0.000415963	0
397	0.000415062	0
398	0.000414165	0
399	0.000413271	0
400	0.000412381	0
401	0.000411494	0
402	0.000410612	0
403	0.000409732	0
404	0.000408857	0
405	0.000407985	0
406	0.000407116	0
407	0.000406251	0
408	0.000405389	0
409	0.000404531	0
410	0.000403677	0
411	0.000402825	0
412	0.000401978	0
413	0.000401133	0
414	0.000400292	0
415	0.000399454	0
416	0.00039862	0
417	0.000397789	0
418	0.000396961	0
419	0.000396136	0
420	0.000395315	0
421	0.000394497	0
422	0.000393682	0
423	0.000392871	0
424	0.000392062	0
425	0.000391257	0
426	0.000390455	0
427	0.000389656	0
428	0.00038886	0
429	0.000388067	0
430	0.000387277	0
431	0.00038649	0
432	0.000385706	0
433	0.000384926	0
434	0.000384148	0
435	0.000383373	0
436	0.000382601	0
437	0.000381833	0
438	0.000381067	0
439	0.000380304	0
440	0.000379543	0
441	0.000378786	0
442	0.000378032	0
443	0.00037728	0
444	0.000376532	0
445	0.000375786	0
446	0.000375043	0
447	0.000374303	0
448	0.000373565	0
449	0.00037283	0
450	0.000372098	0
451	0.000371369	0
452	0.000370642	0
453	0.000369919	0
454	0.000369197	0
455	0.000368479	0
456	0.000367763	0
457	0.00036705	0
458	0.000366339	0
459	0.000365631	0
460	0.000364926	0
461	0.000364223	0
462	0.000363523	0
463	0.000362825	0
464	0.00036213	0
465	0.000361437	0
466	0.000360747	0
467	0.000360059	0
468	0.000359374	0
469	0.000358691	0
470	0.000358011	0
471	0.000357333	0
472	0.000356658	0
473	0.000355985	0
474	0.000355315	0
475	0.000354646	0
476	0.000353981	0
477	0.000353317	0
478	0.000352656	0
479	0.000351998	0
480	0.000351341	0
481	0.000350687	0
482	0.000350035	0
483	0.000349386	0
484	0.000348739	0
485	0.000348094	0
486	0.000347451	0
487	0.000346811	0
488	0.000346173	0
489	0.000345537	0
490	0.000344903	0
491	0.000344272	0
492	0.000343642	0
493	0.000343015	0
494	0.00034239	0
495	0.000341767	0
496	0.000341147	0
497	0.000340528	0
498	0.000339912	0
499	0.000339298	0
500	0.000338685	0
501	0.000338075	0
502	0.000337467	0
503	0.000336861	0
504	0.000336258	0
505	0.000335656	0
506	0.000335056	0
507	0.000334458	0
508	0.000333862	0
509	0.000333269	0
510	0.000332677	0
511	0.000332087	0
512	0.0003315	0
513	0.000330914	0
514	0.00033033	0
515	0.000329748	0
516	0.000329168	0
517	0.00032859	0
518	0.000328014	0
519	0.00032744	0
520	0.000326868	0
521	0.000326297	0
522	0.000325729	0
523	0.000325162	0
524	0.000324597	0
525	0.000324035	0
526	0.000323474	0
527	0.000322914	0
528	0.000322357	0
529	0.000321801	0
530	0.000321248	0
531	0.000320696	0
532	0.000320146	0
533	0.000319597	0
534	0.000319051	0
535	0.000318506	0
536	0.000317963	0
537	0.000317422	0
538	0.000316882	0
539	0.000316344	0
540	0.000315808	0
541	0.000315274	0
542	0.000314741	0
543	0.00031421	0
544	0.000313681	0
545	0.000313154	0
546	0.000312628	0
547	0.000312104	0
548	0.000311581	0
549	0.00031106	0
550	0.000310541	0
551	0.000310023	0
552	0.000309507	0
553	0.000308993	0
554	0.00030848	0
555	0.000307969	0
556	0.00030746	0
557	0.000306952	0
558	0.000306446	0
559	0.000305941	0
560	0.000305438	0
561	0.000304936	0
562	0.000304436	0
563	0.000303938	0
564	0.000303441	0
565	0.000302945	0
566	0.000302451	0
567	0.000301959	0
568	0.000301468	0
569	0.000300979	0
570	0.000300491	0
571	0.000300005	0
572	0.00029952	0
573	0.000299037	0
574	0.000298555	0
575	0.000298074	0
576	0.000297595	0
577	0.000297118	0
578	0.000296642	0
579	0.000296167	0
580	0.000295694	0
581	0.000295222	0
582	0.000294752	0
583	0.000294283	0
584	0.000293816	0
585	0.00029335	0
586	0.000292885	0
587	0.000292422	0
588	0.00029196	0
589	0.0002915	0
590	0.00029104	0
591	0.000290583	0
592	0.000290126	0
593	0.000289671	0
594	0.000289218	0
595	0.000288765	0
596	0.000288314	0
597	0.000287865	0
598	0.000287416	0
599	0.000286969	0
600	0.000286524	0
601	0.000286079	0
602	0.000285636	0
603	0.000285194	0
604	0.000284754	0
605	0.000284315	0
606	0.000283877	0
607	0.00028344	0
608	0.000283005	0
609	0.000282571	0
610	0.000282138	0
611	0.000281706	0
612	0.000281276	0
613	0.000280847	0
614	0.000280419	0
615	0.000279992	0
616	0.000279567	0
617	0.000279143	0
618	0.00027872	0
619	0.000278298	0
620	0.000277877	0
621	0.000277458	0
622	0.00027704	0
623	0.000276623	0
624	0.000276207	0
625	0.000275793	0
626	0.000275379	0
627	0.000274967	0
628	0.000274556	0
629	0.000274146	0
630	0.000273737	0
631	0.00027333	0
632	0.000272923	0
633	0.000272518	0
634	0.000272114	0
635	0.000271711	0
636	0.000271309	0
637	0.000270908	0
638	0.000270509	0
639	0.00027011	0
640	0.000269713	0
641	0.000269316	0
642	0.000268921	0
643	0.000268527	0
644	0.000268134	0
645	0.000267742	0
646	0.000267351	0
647	0.000266961	0
648	0.000266573	0
649	0.000266185	0
650	0.000265799	0
651	0.000265413	0
652	0.000265029	0
653	0.000264645	0
654	0.000264263	0
655	0.000263882	0
656	0.000263501	0
657	0.000263122	0
658	0.000262744	0
659	0.000262367	0
660	0.000261991	0
661	0.000261616	0
662	0.000261241	0
663	0.000260868	0
664	0.000260496	0
665	0.000260125	0
666	0.000259755	0
667	0.000259386	0
668	0.000259018	0
669	0.000258651	0
670	0.000258285	0
671	0.00025792	0
672	0.000257556	0
673	0.000257192	0
674	0.00025683	0
675	0.000256469	0
676	0.000256109	0
677	0.000255749	0
678	0.000255391	0
679	0.000255034	0
680	0.000254677	0
681	0.000254322	0
682	0.000253967	0
683	0.000253613	0
684	0.000253261	0
685	0.000252909	0
686	0.000252558	0
687	0.000252208	0
688	0.000251859	0
689	0.000251511	0
690	0.000251164	0
691	0.000250817	0
692	0.000250472	0
693	0.000250127	0
694	0.000249784	0
695	0.000249441	0
696	0.000249099	0
697	0.000248758	0
698	0.000248418	0
699	0.000248079	0
700	0.000247741	0
701	0.000247403	0
702	0.000247067	0
703	0.000246731	0
704	0.000246396	0
705	0.000246062	0
706	0.000245729	0
707	0.000245397	0
708	0.000245066	0
709	0.000244735	0
710	0.000244405	0
711	0.000244077	0
712	0.000243748	0
713	0.000243421	0
714	0.000243095	0
715	0.000242769	0
716	0.000242445	0
717	0.000242121	0
718	0.000241798	0
719	0.000241475	0
720	0.000241154	0
721	0.000240833	0
722	0.000240513	0
723	0.000240194	0
724	0.000239876	0
725	0.000239559	0
726	0.000239242	0
727	0.000238926	0
728	0.000238611	0
729	0.000238297	0
730	0.000237983	0
731	0.000237671	0
732	0.000237359	0
733	0.000237048	0
734	0.000236737	0
735	0.000236428	0
736	0.000236119	0
737	0.000235811	0
738	0.000235503	0
739	0.000235197	0
740	0.000234891	0
741	0.000234586	0
742	0.000234282	0
743	0.000233978	0
744	0.000233675	0
745	0.000233373	0
746	0.000233072	0
747	0.000232771	0
748	0.000232471	0
749	0.000232172	0
750	0.000231874	0
751	0.000231576	0
752	0.000231279	0
753	0.000230983	0
754	0.000230687	0
755	0.000230392	0
756	0.000230098	0
757	0.000229805	0
758	0.000229512	0
759	0.00022922	0
760	0.000228929	0
761	0.000228638	0
762	0.000228349	0
763	0.000228059	0
764	0.000227771	0
765	0.000227483	0
766	0.000227196	0
767	0.00022691	0
768	0.000226624	0
769	0.000226339	0
770	0.000226054	0
771	0.000225771	0
772	0.000225488	0
773	0.000225205	0
774	0.000224924	0
775	0.000224643	0
776	0.000224362	0
777	0.000224082	0
778	0.000223803	0
779	0.000223525	0
780	0.000223247	0
781	0.00022297	0
782	0.000222694	0
783	0.000222418	0
784	0.000222143	0
785	0.000221868	0
786	0.000221595	0
787	0.000221321	0
788	0.000221049	0
789	0.000220777	0
790	0.000220506	0
791	0.000220235	0
792	0.000219965	0
793	0.000219695	0
794	0.000219427	0
795	0.000219158	0
796	0.000218891	0
797	0.000218624	0
798	0.000218358	0
799	0.000218092	0
800	0.000217827	0
801	0.000217562	0
802	0.000217298	0
803	0.000217035	0
804	0.000216773	0
805	0.00021651	0
806	0.000216249	0
807	0.000215988	0
808	0.000215728	0
809	0.000215468	0
810	0.000215209	0
811	0.000214951	0
812	0.000214693	0
813	0.000214435	0
814	0.000214179	0
815	0.000213922	0
816	0.000213667	0
817	0.000213412	0
818	0.000213157	0
819	0.000212904	0
820	0.00021265	0
821	0.000212398	0
822	0.000212145	0
823	0.000211894	0
824	0.000211643	0
825	0.000211392	0
826	0.000211142	0
827	0.000210893	0
828	0.000210644	0
829	0.000210396	0
830	0.000210148	0
831	0.000209901	0
832	0.000209655	0
833	0.000209409	0
834	0.000209163	0
835	0.000208918	0
836	0.000208674	0
837	0.00020843	0
838	0.000208187	0
839	0.000207944	0
840	0.000207702	0
841	0.00020746	0
842	0.000207219	0
843	0.000206978	0
844	0.000206738	0
845	0.000206499	0
846	0.000206259	0
847	0.000206021	0
848	0.000205783	0
849	0.000205545	0
850	0.000205308	0
851	0.000205072	0
852	0.000204836	0
853	0.000204601	0
854	0.000204366	0
855	0.000204131	0
856	0.000203897	0
857	0.000203664	0
858	0.000203431	0
859	0.000203199	0
860	0.000202967	0
861	0.000202735	0
862	0.000202505	0
863	0.000202274	0
864	0.000202044	0
865	0.000201815	0
866	0.000201586	0
867	0.000201358	0
868	0.00020113	0
869	0.000200902	0
870	0.000200675	0
871	0.000200449	0
872	0.000200223	0
873	0.000199997	0
874	0.000199772	0
875	0.000199548	0
876	0.000199324	0
877	0.0001991	0
878	0.000198877	0
879	0.000198654	0
880	0.000198432	0
881	0.000198211	0
882	0.000197989	0
883	0.000197769	0
884	0.000197548	0
885	0.000197329	0
886	0.000197109	0
887	0.00019689	0
888	0.000196672	0
889	0.000196454	0
890	0.000196236	0
891	0.000196019	0
892	0.000195803	0
893	0.000195586	0
894	0.000195371	0
895	0.000195155	0
896	0.000194941	0
897	0.000194726	0
898	0.000194512	0
899	0.000194299	0
900	0.000194086	0
901	0.000193873	0
902	0.000193661	0
903	0.000193449	0
904	0.000193238	0
905	0.000193027	0
906	0.000192817	0
907	0.000192607	0
908	0.000192397	0
909	0.000192188	0
910	0.00019198	0
911	0.000191771	0
912	0.000191563	0
913	0.000191356	0
914	0.000191149	0
915	0.000190943	0
916	0.000190736	0
917	0.000190531	0
918	0.000190325	0
919	0.000190121	0
920	0.000189916	0
921	0.000189712	0
922	0.000189508	0
923	0.000189305	0
924	0.000189102	0
925	0.0001889	0
926	0.000188698	0
927	0.000188497	0
928	0.000188295	0
929	0.000188095	0
930	0.000187894	0
931	0.000187694	0
932	0.000187495	0
933	0.000187296	0
934	0.000187097	0
935	0.000186899	0
936	0.000186701	0
937	0.000186503	0
938	0.000186306	0
939	0.000186109	0
940	0.000185913	0
941	0.000185717	0
942	0.000185521	0
943	0.000185326	0
944	0.000185131	0
945	0.000184937	0
946	0.000184743	0
947	0.000184549	0
948	0.000184356	0
949	0.000184163	0
950	0.000183971	0
951	0.000183779	0
952	0.000183587	0
953	0.000183395	0
954	0.000183204	0
955	0.000183014	0
956	0.000182824	0
957	0.000182634	0
958	0.000182444	0
959	0.000182255	0
960	0.000182066	0
961	0.000181878	0
962	0.00018169	0
963	0.000181502	0
964	0.000181315	0
965	0.000181128	0
966	0.000180942	0
967	0.000180756	0
968	0.00018057	0
969	0.000180384	0
970	0.000180199	0
971	0.000180015	0
972	0.00017983	0
973	0.000179646	0
974	0.000179462	0
975	0.000179279	0
976	0.000179096	0
977	0.000178914	0
978	0.000178731	0
979	0.00017855	0
980	0.000178368	0
981	0.000178187	0
982	0.000178006	0
983	0.000177825	0
984	0.000177645	0
985	0.000177466	0
986	0.000177286	0
987	0.000177107	0
988	0.000176928	0
989	0.00017675	0
990	0.000176572	0
991	0.000176394	0
992	0.000176216	0
993	0.000176039	0
994	0.000175863	0
995	0.000175686	0
996	0.00017551	0
997	0.000175334	0
998	0.000175159	0
999	0.000174984	0
1000	0.000174809	0