Iteration	 Training error	 Validation error 
1	0.305673	0
2	0.286499	0
3	0.27353	0
4	0.264417	0
5	0.256996	0
6	0.250426	0
7	0.244369	0
8	0.238786	0
9	0.233574	0
10	0.228583	0
11	0.223994	0
12	0.219647	0
13	0.215462	0
14	0.211528	0
15	0.207845	0
16	0.204311	0
17	0.200927	0
18	0.197719	0
19	0.194736	0
20	0.192021	0
21	0.189544	0
22	0.187225	0
23	0.184998	0
24	0.182837	0
25	0.180713	0
26	0.178588	0
27	0.176451	0
28	0.174297	0
29	0.172103	0
30	0.16986	0
31	0.167611	0
32	0.165409	0
33	0.163317	0
34	0.161393	0
35	0.159625	0
36	0.157963	0
37	0.156365	0
38	0.154826	0
39	0.153348	0
40	0.15193	0
41	0.150576	0
42	0.149286	0
43	0.148056	0
44	0.146866	0
45	0.145693	0
46	0.144519	0
47	0.143348	0
48	0.142184	0
49	0.141017	0
50	0.13984	0
51	0.138667	0
52	0.137514	0
53	0.136387	0
54	0.135275	0
55	0.134156	0
56	0.133012	0
57	0.131824	0
58	0.13058	0
59	0.129291	0
60	0.128001	0
61	0.126719	0
62	0.125457	0
63	0.124248	0
64	0.1231	0
65	0.122012	0
66	0.120961	0
67	0.119977	0
68	0.119022	0
69	0.118118	0
70	0.117209	0
71	0.116319	0
72	0.115408	0
73	0.114492	0
74	0.113569	0
75	0.112632	0
76	0.111682	0
77	0.110692	0
78	0.109701	0
79	0.108684	0
80	0.107692	0
81	0.106675	0
82	0.105718	0
83	0.104775	0
84	0.103904	0
85	0.103043	0
86	0.102213	0
87	0.10138	0
88	0.100541	0
89	0.0997305	0
90	0.0988937	0
91	0.0981446	0
92	0.0973623	0
93	0.0966972	0
94	0.0959887	0
95	0.0953725	0
96	0.0947175	0
97	0.0941093	0
98	0.0934899	0
99	0.0928682	0
100	0.0922844	0
101	0.0916643	0
102	0.0911312	0
103	0.0905441	0
104	0.0900551	0
105	0.0895067	0
106	0.0890251	0
107	0.0884992	0
108	0.0879875	0
109	0.0874673	0
110	0.086921	0
111	0.0864096	0
112	0.0858608	0
113	0.0853495	0
114	0.0847893	0
115	0.0842713	0
116	0.0837157	0
117	0.0832062	0
118	0.0826775	0
119	0.0821987	0
120	0.0817045	0
121	0.0812659	0
122	0.0807921	0
123	0.0803938	0
124	0.07992	0
125	0.0795922	0
126	0.0791744	0
127	0.0789551	0
128	0.0785695	0
129	0.078409	0
130	0.0780575	0
131	0.0779301	0
132	0.0776924	0
133	0.0774239	0
134	0.0774693	0
135	0.0768707	0
136	0.0774099	0
137	0.0762592	0
138	0.0774847	0
139	0.0756084	0
140	0.077619	0
141	0.0750738	0
142	0.0774273	0
143	0.0747638	0
144	0.0770234	0
145	0.0746916	0
146	0.0757624	0
147	0.0749703	0
148	0.0739784	0
149	0.0750271	0
150	0.0730075	0
151	0.0752636	0
152	0.0723284	0
153	0.0747536	0
154	0.0720546	0
155	0.0733203	0
156	0.072415	0
157	0.0713948	0
158	0.0718714	0
159	0.0708317	0
160	0.071393	0
161	0.0705884	0
162	0.0703492	0
163	0.0702435	0
164	0.0698273	0
165	0.0699231	0
166	0.0693533	0
167	0.069476	0
168	0.0689778	0
169	0.0690854	0
170	0.0686599	0
171	0.0685672	0
172	0.0682907	0
173	0.0680031	0
174	0.0679011	0
175	0.067383	0
176	0.0675462	0
177	0.0669413	0
178	0.0672912	0
179	0.0666021	0
180	0.0668612	0
181	0.0663263	0
182	0.0664278	0
183	0.0661017	0
184	0.0659266	0
185	0.065916	0
186	0.0654316	0
187	0.065702	0
188	0.0650373	0
189	0.0654126	0
190	0.0647293	0
191	0.0650581	0
192	0.0644842	0
193	0.0647016	0
194	0.0643883	0
195	0.0641937	0
196	0.0642342	0
197	0.063884	0
198	0.0642545	0
199	0.063521	0
200	0.0641814	0
201	0.063284	0
202	0.0640255	0
203	0.0631192	0
204	0.0637028	0
205	0.0628881	0
206	0.0633239	0
207	0.0629414	0
208	0.0627283	0
209	0.0629584	0
210	0.0623849	0
211	0.0633212	0
212	0.0619986	0
213	0.0638147	0
214	0.0618373	0
215	0.0636842	0
216	0.0617517	0
217	0.0639541	0
218	0.0617843	0
219	0.0633172	0
220	0.0618488	0
221	0.0626672	0
222	0.0621523	0
223	0.0615271	0
224	0.0627185	0
225	0.0609045	0
226	0.0634864	0
227	0.060794	0
228	0.0626898	0
229	0.0608062	0
230	0.0620639	0
231	0.061006	0
232	0.0607495	0
233	0.0612229	0
234	0.0601881	0
235	0.0606727	0
236	0.0600902	0
237	0.0600175	0
238	0.0599634	0
239	0.0595881	0
240	0.0595143	0
241	0.0594016	0
242	0.0592828	0
243	0.0592264	0
244	0.0591159	0
245	0.0590593	0
246	0.0589769	0
247	0.0589058	0
248	0.0588389	0
249	0.058759	0
250	0.0586945	0
251	0.0586149	0
252	0.0585455	0
253	0.0584699	0
254	0.0583961	0
255	0.058325	0
256	0.0582508	0
257	0.0581824	0
258	0.05811	0
259	0.0580412	0
260	0.0579697	0
261	0.057898	0
262	0.0578252	0
263	0.0577495	0
264	0.0576742	0
265	0.0575965	0
266	0.0575207	0
267	0.0574445	0
268	0.0573701	0
269	0.0572965	0
270	0.0572235	0
271	0.0571518	0
272	0.05708	0
273	0.0570092	0
274	0.0569375	0
275	0.0568652	0
276	0.0567909	0
277	0.0567136	0
278	0.0566315	0
279	0.0565417	0
280	0.0564411	0
281	0.0563275	0
282	0.0562076	0
283	0.0560942	0
284	0.0559901	0
285	0.0558975	0
286	0.0558124	0
287	0.0557291	0
288	0.0556452	0
289	0.0555544	0
290	0.0554495	0
291	0.055314	0
292	0.0551202	0
293	0.0548756	0
294	0.0546971	0
295	0.0545958	0
296	0.0545151	0
297	0.0544423	0
298	0.0543732	0
299	0.0543054	0
300	0.054237	0
301	0.0541669	0
302	0.0540929	0
303	0.054013	0
304	0.0539253	0
305	0.0538293	0
306	0.053729	0
307	0.0536323	0
308	0.0535459	0
309	0.0534704	0
310	0.0534025	0
311	0.0533391	0
312	0.0532781	0
313	0.0532185	0
314	0.0531595	0
315	0.0531005	0
316	0.053041	0
317	0.0529805	0
318	0.0529183	0
319	0.0528538	0
320	0.0527861	0
321	0.0527141	0
322	0.0526369	0
323	0.0525537	0
324	0.0524648	0
325	0.0523725	0
326	0.0522797	0
327	0.0521888	0
328	0.0521014	0
329	0.0520181	0
330	0.0519398	0
331	0.0518671	0
332	0.0518	0
333	0.0517379	0
334	0.0516799	0
335	0.0516252	0
336	0.0515731	0
337	0.0515229	0
338	0.0514742	0
339	0.0514267	0
340	0.0513801	0
341	0.0513341	0
342	0.0512885	0
343	0.0512431	0
344	0.0511977	0
345	0.0511521	0
346	0.0511061	0
347	0.0510594	0
348	0.0510119	0
349	0.0509634	0
350	0.0509137	0
351	0.0508627	0
352	0.0508105	0
353	0.0507568	0
354	0.0507013	0
355	0.0506432	0
356	0.0505812	0
357	0.0505132	0
358	0.0504359	0
359	0.0503447	0
360	0.0502337	0
361	0.0500998	0
362	0.0499561	0
363	0.0498358	0
364	0.0497463	0
365	0.049672	0
366	0.0496045	0
367	0.0495411	0
368	0.0494804	0
369	0.0494213	0
370	0.0493627	0
371	0.0493039	0
372	0.0492444	0
373	0.0491838	0
374	0.0491219	0
375	0.0490585	0
376	0.0489936	0
377	0.0489274	0
378	0.0488602	0
379	0.0487922	0
380	0.0487237	0
381	0.0486551	0
382	0.0485862	0
383	0.0485168	0
384	0.0484464	0
385	0.0483741	0
386	0.0482993	0
387	0.0482223	0
388	0.0481441	0
389	0.0480671	0
390	0.0479931	0
391	0.047923	0
392	0.0478572	0
393	0.0477954	0
394	0.0477369	0
395	0.047681	0
396	0.0476272	0
397	0.0475748	0
398	0.0475234	0
399	0.0474724	0
400	0.0474217	0
401	0.0473706	0
402	0.0473188	0
403	0.0472659	0
404	0.0472112	0
405	0.0471539	0
406	0.0470926	0
407	0.0470251	0
408	0.0469474	0
409	0.046854	0
410	0.0467413	0
411	0.0466223	0
412	0.046522	0
413	0.046441	0
414	0.0463714	0
415	0.0463076	0
416	0.0462429	0
417	0.0461745	0
418	0.0460992	0
419	0.046012	0
420	0.0459066	0
421	0.0457764	0
422	0.0456233	0
423	0.0454689	0
424	0.0453333	0
425	0.0452111	0
426	0.045092	0
427	0.04497	0
428	0.0448406	0
429	0.0447021	0
430	0.0445653	0
431	0.0444484	0
432	0.0443498	0
433	0.0442626	0
434	0.044185	0
435	0.044115	0
436	0.0440507	0
437	0.0439908	0
438	0.0439345	0
439	0.0438816	0
440	0.0438318	0
441	0.0437849	0
442	0.0437406	0
443	0.0436984	0
444	0.0436582	0
445	0.0436193	0
446	0.0435816	0
447	0.0435448	0
448	0.0435088	0
449	0.0434733	0
450	0.0434381	0
451	0.0434033	0
452	0.0433687	0
453	0.0433345	0
454	0.0433006	0
455	0.0432675	0
456	0.0432352	0
457	0.0432041	0
458	0.0431739	0
459	0.0431449	0
460	0.0431169	0
461	0.0430897	0
462	0.0430632	0
463	0.0430373	0
464	0.0430121	0
465	0.0429873	0
466	0.042963	0
467	0.042939	0
468	0.0429155	0
469	0.0428922	0
470	0.0428693	0
471	0.0428466	0
472	0.0428242	0
473	0.0428021	0
474	0.0427801	0
475	0.0427584	0
476	0.0427369	0
477	0.0427155	0
478	0.0426942	0
479	0.042673	0
480	0.0426518	0
481	0.0426306	0
482	0.0426094	0
483	0.042588	0
484	0.0425664	0
485	0.0425443	0
486	0.0425218	0
487	0.0424984	0
488	0.042474	0
489	0.042448	0
490	0.0424197	0
491	0.0423884	0
492	0.042353	0
493	0.0423126	0
494	0.0422678	0
495	0.0422219	0
496	0.0421794	0
497	0.0421423	0
498	0.0421095	0
499	0.0420797	0
500	0.0420513	0