Iteration	 Training error	 Validation error 
1	0.306358	0
2	0.298822	0
3	0.294887	0
4	0.292079	0
5	0.289456	0
6	0.286885	0
7	0.284295	0
8	0.281636	0
9	0.278877	0
10	0.276006	0
11	0.273038	0
12	0.270006	0
13	0.266943	0
14	0.263898	0
15	0.260923	0
16	0.258019	0
17	0.255151	0
18	0.252285	0
19	0.249394	0
20	0.24648	0
21	0.243578	0
22	0.240747	0
23	0.238032	0
24	0.235435	0
25	0.232942	0
26	0.230537	0
27	0.228192	0
28	0.225879	0
29	0.223584	0
30	0.2213	0
31	0.219006	0
32	0.216656	0
33	0.214257	0
34	0.211946	0
35	0.20973	0
36	0.207564	0
37	0.20543	0
38	0.203303	0
39	0.201181	0
40	0.199074	0
41	0.196986	0
42	0.194926	0
43	0.192902	0
44	0.190891	0
45	0.188884	0
46	0.186856	0
47	0.184791	0
48	0.182708	0
49	0.180664	0
50	0.178673	0
51	0.176699	0
52	0.174726	0
53	0.17273	0
54	0.170705	0
55	0.168654	0
56	0.166581	0
57	0.164516	0
58	0.162491	0
59	0.160505	0
60	0.158559	0
61	0.156663	0
62	0.154807	0
63	0.152961	0
64	0.151106	0
65	0.149227	0
66	0.147307	0
67	0.14533	0
68	0.143346	0
69	0.141434	0
70	0.139601	0
71	0.137831	0
72	0.136114	0
73	0.134452	0
74	0.132859	0
75	0.131368	0
76	0.129879	0
77	0.128459	0
78	0.127135	0
79	0.125938	0
80	0.124633	0
81	0.123335	0
82	0.122088	0
83	0.121049	0
84	0.119848	0
85	0.118654	0
86	0.117477	0
87	0.116707	0
88	0.115463	0
89	0.114223	0
90	0.11301	0
91	0.112336	0
92	0.111177	0
93	0.109725	0
94	0.108871	0
95	0.108233	0
96	0.108612	0
97	0.106422	0
98	0.109241	0
99	0.106011	0
100	0.115139	0
101	0.102945	0
102	0.116224	0
103	0.101026	0
104	0.111928	0
105	0.100213	0
106	0.103512	0
107	0.0990116	0
108	0.0980674	0
109	0.0992675	0
110	0.095341	0
111	0.096607	0
112	0.0918678	0
113	0.0932923	0
114	0.0908246	0
115	0.0903904	0
116	0.0888924	0
117	0.0879597	0
118	0.0879558	0
119	0.0865575	0
120	0.0858805	0
121	0.0848816	0
122	0.0846876	0
123	0.0838912	0
124	0.0835155	0
125	0.0826631	0
126	0.0823156	0
127	0.0817907	0
128	0.0814016	0
129	0.0808632	0
130	0.0801666	0
131	0.0799385	0
132	0.0792765	0
133	0.0792449	0
134	0.0783916	0
135	0.0782732	0
136	0.0776224	0
137	0.0774891	0
138	0.0769741	0
139	0.0764075	0
140	0.0761617	0
141	0.0756736	0
142	0.0755203	0
143	0.0748952	0
144	0.0745437	0
145	0.0741929	0
146	0.0739291	0
147	0.0736497	0
148	0.0732098	0
149	0.0728877	0
150	0.0725482	0
151	0.0722736	0
152	0.071956	0
153	0.0716438	0
154	0.0713901	0
155	0.0711462	0
156	0.0708545	0
157	0.070529	0
158	0.0701866	0
159	0.0698714	0
160	0.0695589	0
161	0.0692703	0
162	0.0690212	0
163	0.0688227	0
164	0.0686064	0
165	0.0683501	0
166	0.0681443	0
167	0.0679641	0
168	0.0678153	0
169	0.0675376	0
170	0.0673811	0
171	0.0671756	0
172	0.0671339	0
173	0.0667829	0
174	0.066701	0
175	0.0664158	0
176	0.0665108	0
177	0.0660832	0
178	0.0660454	0
179	0.0657233	0
180	0.0658604	0
181	0.0655378	0
182	0.0653444	0
183	0.0651981	0
184	0.0650495	0
185	0.0652066	0
186	0.0645388	0
187	0.0647386	0
188	0.064189	0
189	0.0646829	0
190	0.0638967	0
191	0.0639319	0
192	0.0635182	0
193	0.0635479	0
194	0.0634272	0
195	0.0629405	0
196	0.062941	0
197	0.0625974	0
198	0.0627607	0
199	0.0623464	0
200	0.0621616	0
201	0.0619644	0
202	0.0618743	0
203	0.0618209	0
204	0.061431	0
205	0.0613531	0
206	0.0610945	0
207	0.0611429	0
208	0.0608075	0
209	0.0606425	0
210	0.0603859	0
211	0.0601496	0
212	0.0599034	0
213	0.05956	0
214	0.0595556	0
215	0.0592376	0
216	0.0593173	0
217	0.0589798	0
218	0.0589625	0
219	0.0587572	0
220	0.0586745	0
221	0.0585782	0
222	0.0583173	0
223	0.0582237	0
224	0.057944	0
225	0.0579686	0
226	0.0576542	0
227	0.0575251	0
228	0.0572982	0
229	0.0574699	0
230	0.0572135	0
231	0.0571452	0
232	0.0570152	0
233	0.0568173	0
234	0.0570319	0
235	0.0563641	0
236	0.0569301	0
237	0.0558238	0
238	0.0565236	0
239	0.05543	0
240	0.0562892	0
241	0.055218	0
242	0.0555067	0
243	0.0550348	0
244	0.054706	0
245	0.0547504	0
246	0.0543037	0
247	0.0543058	0
248	0.054004	0
249	0.0540103	0
250	0.0537203	0
251	0.0538819	0
252	0.0534768	0
253	0.053608	0
254	0.0532929	0
255	0.0533795	0
256	0.0531822	0
257	0.0530578	0
258	0.0530175	0
259	0.0528256	0
260	0.0529057	0
261	0.0526607	0
262	0.0526567	0
263	0.052507	0
264	0.052458	0
265	0.0524001	0
266	0.0522711	0
267	0.0522163	0
268	0.0521015	0
269	0.0520513	0
270	0.0519534	0
271	0.0518491	0
272	0.0517422	0
273	0.0516317	0
274	0.0515454	0
275	0.0514412	0
276	0.0513493	0
277	0.0512615	0
278	0.0511825	0
279	0.0511018	0
280	0.0510178	0
281	0.0509369	0
282	0.0508587	0
283	0.0507822	0
284	0.0507004	0
285	0.050617	0
286	0.0505311	0
287	0.0504486	0
288	0.0503645	0
289	0.0502825	0
290	0.0501995	0
291	0.0501223	0
292	0.050045	0
293	0.0499714	0
294	0.0498942	0
295	0.049823	0
296	0.0497463	0
297	0.0496691	0
298	0.0495913	0
299	0.0495155	0
300	0.0494391	0
301	0.0493325	0
302	0.0492581	0
303	0.0491524	0
304	0.049118	0
305	0.0489727	0
306	0.0489681	0
307	0.0488301	0
308	0.0488869	0
309	0.048704	0
310	0.0487543	0
311	0.0485958	0
312	0.0486394	0
313	0.0485163	0
314	0.0484728	0
315	0.0484174	0
316	0.0483145	0
317	0.0483529	0
318	0.048146	0
319	0.0482147	0
320	0.0480006	0
321	0.0480558	0
322	0.047868	0
323	0.0478404	0
324	0.0477161	0
325	0.0476243	0
326	0.0475869	0
327	0.0473997	0
328	0.0474219	0
329	0.0472471	0
330	0.0473321	0
331	0.0471386	0
332	0.0471649	0
333	0.0470374	0
334	0.0470488	0
335	0.0470025	0
336	0.0468782	0
337	0.0468886	0
338	0.0467767	0
339	0.0468443	0
340	0.0466887	0
341	0.0466798	0
342	0.0465976	0
343	0.0465932	0
344	0.0465597	0
345	0.0464547	0
346	0.0464338	0
347	0.0463704	0
348	0.0463732	0
349	0.046303	0
350	0.0462461	0
351	0.0462072	0
352	0.0461738	0
353	0.0461522	0
354	0.0460929	0
355	0.0460503	0
356	0.0460125	0
357	0.0459852	0
358	0.0459511	0
359	0.045904	0
360	0.0458653	0
361	0.0458311	0
362	0.0458013	0
363	0.0457648	0
364	0.0457243	0
365	0.045688	0
366	0.0456552	0
367	0.0456233	0
368	0.0455875	0
369	0.0455507	0
370	0.0455162	0
371	0.0454839	0
372	0.0454513	0
373	0.0454168	0
374	0.0453818	0
375	0.0453475	0
376	0.0453134	0
377	0.0452776	0
378	0.0452393	0
379	0.0451993	0
380	0.0451581	0
381	0.0451153	0
382	0.04507	0
383	0.0450223	0
384	0.0449731	0
385	0.044924	0
386	0.0448759	0
387	0.0448293	0
388	0.0447843	0
389	0.0447415	0
390	0.0447013	0
391	0.0446631	0
392	0.0446263	0
393	0.0445903	0
394	0.0445554	0
395	0.0445216	0
396	0.0444886	0
397	0.0444563	0
398	0.0444243	0
399	0.044393	0
400	0.0443622	0
401	0.0443317	0
402	0.0443011	0
403	0.0442699	0
404	0.0442374	0
405	0.0442029	0
406	0.0441655	0
407	0.044125	0
408	0.0440825	0
409	0.0440384	0
410	0.0439919	0
411	0.0439413	0
412	0.0438855	0
413	0.043823	0
414	0.0437524	0
415	0.0436763	0
416	0.0436028	0
417	0.043538	0
418	0.0434828	0
419	0.0434344	0
420	0.0433898	0
421	0.0433467	0
422	0.0433045	0
423	0.0432635	0
424	0.0432237	0
425	0.0431851	0
426	0.0431468	0
427	0.0431074	0
428	0.0430671	0
429	0.0430273	0
430	0.0429879	0
431	0.0429462	0
432	0.0428994	0
433	0.0428474	0
434	0.0427892	0
435	0.0427189	0
436	0.0426302	0
437	0.0425322	0
438	0.0424488	0
439	0.0423853	0
440	0.0423321	0
441	0.0422831	0
442	0.0422374	0
443	0.0421956	0
444	0.042155	0
445	0.0421134	0
446	0.042074	0
447	0.0420389	0
448	0.0420048	0
449	0.0419672	0
450	0.0419286	0
451	0.0418935	0
452	0.0418604	0
453	0.0418228	0
454	0.0417801	0
455	0.0417375	0
456	0.0416958	0
457	0.0416481	0
458	0.0415884	0
459	0.0415186	0
460	0.0414354	0
461	0.0413226	0
462	0.0411672	0
463	0.0410194	0
464	0.0409231	0
465	0.0408541	0
466	0.0407794	0
467	0.0406732	0
468	0.0405741	0
469	0.040496	0
470	0.040431	0
471	0.0403594	0
472	0.0402816	0
473	0.0402173	0
474	0.0401665	0
475	0.0401184	0
476	0.0400661	0
477	0.0400149	0
478	0.0399703	0
479	0.0399269	0
480	0.0398798	0
481	0.0398306	0
482	0.0397796	0
483	0.039722	0
484	0.0396545	0
485	0.0395888	0
486	0.0395376	0
487	0.0394998	0
488	0.0394642	0
489	0.0394303	0
490	0.0394023	0
491	0.0393783	0
492	0.0393504	0
493	0.039318	0
494	0.03929	0
495	0.039268	0
496	0.0392451	0
497	0.0392148	0
498	0.0391856	0
499	0.0391627	0
500	0.0391428	0