Iteration	 Training error	 Validation error 
1	0.333227	0
2	0.312352	0
3	0.305489	0
4	0.301271	0
5	0.298654	0
6	0.296465	0
7	0.294401	0
8	0.292463	0
9	0.290597	0
10	0.288765	0
11	0.286941	0
12	0.2851	0
13	0.283217	0
14	0.281272	0
15	0.279246	0
16	0.277132	0
17	0.274934	0
18	0.272664	0
19	0.270329	0
20	0.267929	0
21	0.265459	0
22	0.262908	0
23	0.26026	0
24	0.257504	0
25	0.25464	0
26	0.251671	0
27	0.248596	0
28	0.245417	0
29	0.242136	0
30	0.238753	0
31	0.23527	0
32	0.231705	0
33	0.228095	0
34	0.224474	0
35	0.220866	0
36	0.21731	0
37	0.213825	0
38	0.210393	0
39	0.206985	0
40	0.203587	0
41	0.200203	0
42	0.196846	0
43	0.193526	0
44	0.190255	0
45	0.187041	0
46	0.183886	0
47	0.180802	0
48	0.177811	0
49	0.17492	0
50	0.172108	0
51	0.169354	0
52	0.166643	0
53	0.163977	0
54	0.161375	0
55	0.158852	0
56	0.156412	0
57	0.154044	0
58	0.151739	0
59	0.149491	0
60	0.147298	0
61	0.145163	0
62	0.14309	0
63	0.141058	0
64	0.13904	0
65	0.137047	0
66	0.135136	0
67	0.133338	0
68	0.131635	0
69	0.129955	0
70	0.128331	0
71	0.126781	0
72	0.125324	0
73	0.123884	0
74	0.122507	0
75	0.121137	0
76	0.119852	0
77	0.118556	0
78	0.117351	0
79	0.116081	0
80	0.114875	0
81	0.113705	0
82	0.112586	0
83	0.111454	0
84	0.11036	0
85	0.109371	0
86	0.10839	0
87	0.107613	0
88	0.106793	0
89	0.106327	0
90	0.106041	0
91	0.106121	0
92	0.104102	0
93	0.105412	0
94	0.102149	0
95	0.1054	0
96	0.100149	0
97	0.101332	0
98	0.0988412	0
99	0.0990852	0
100	0.0985568	0
101	0.0967815	0
102	0.0965368	0
103	0.0955185	0
104	0.095313	0
105	0.0946525	0
106	0.0936204	0
107	0.0929565	0
108	0.0922867	0
109	0.0917383	0
110	0.0910986	0
111	0.0903714	0
112	0.0897262	0
113	0.0892087	0
114	0.0887075	0
115	0.088003	0
116	0.0875351	0
117	0.0871074	0
118	0.0868029	0
119	0.085958	0
120	0.0856474	0
121	0.0848792	0
122	0.0850052	0
123	0.0837358	0
124	0.0840652	0
125	0.0828189	0
126	0.084553	0
127	0.0818702	0
128	0.0834755	0
129	0.08105	0
130	0.0840256	0
131	0.0811992	0
132	0.0816645	0
133	0.0807859	0
134	0.081198	0
135	0.0823178	0
136	0.0787904	0
137	0.0809862	0
138	0.0779911	0
139	0.0810643	0
140	0.0779542	0
141	0.0782857	0
142	0.0773433	0
143	0.0771928	0
144	0.077753	0
145	0.0754326	0
146	0.0769007	0
147	0.074769	0
148	0.0765311	0
149	0.0745641	0
150	0.0749003	0
151	0.074192	0
152	0.0740304	0
153	0.0744381	0
154	0.0729853	0
155	0.0737386	0
156	0.0724698	0
157	0.0733058	0
158	0.0723311	0
159	0.0722204	0
160	0.0719893	0
161	0.071643	0
162	0.0719659	0
163	0.0710399	0
164	0.0713745	0
165	0.0706488	0
166	0.0710579	0
167	0.0704565	0
168	0.0702913	0
169	0.0700167	0
170	0.0698476	0
171	0.0698925	0
172	0.069334	0
173	0.0693392	0
174	0.0688886	0
175	0.0689323	0
176	0.068608	0
177	0.068281	0
178	0.0681157	0
179	0.0678441	0
180	0.0677665	0
181	0.0675105	0
182	0.0672667	0
183	0.0670755	0
184	0.066852	0
185	0.0667321	0
186	0.0664967	0
187	0.0663484	0
188	0.066204	0
189	0.06611	0
190	0.0659679	0
191	0.0657846	0
192	0.0656484	0
193	0.0655201	0
194	0.0654156	0
195	0.0652422	0
196	0.0650826	0
197	0.0649367	0
198	0.0648114	0
199	0.0646649	0
200	0.0644805	0
201	0.064312	0
202	0.0641471	0
203	0.0639806	0
204	0.0637556	0
205	0.0634985	0
206	0.0632529	0
207	0.0630558	0
208	0.0628997	0
209	0.0627522	0
210	0.0626288	0
211	0.0625239	0
212	0.0624323	0
213	0.0623233	0
214	0.0622085	0
215	0.0621035	0
216	0.0620117	0
217	0.0619173	0
218	0.0618038	0
219	0.0616792	0
220	0.0615441	0
221	0.061381	0
222	0.0611612	0
223	0.0609618	0
224	0.0608001	0
225	0.0606502	0
226	0.0605136	0
227	0.0603854	0
228	0.0602138	0
229	0.0600744	0
230	0.0599582	0
231	0.0598866	0
232	0.0597242	0
233	0.0596161	0
234	0.0595093	0
235	0.0595042	0
236	0.0593275	0
237	0.0592266	0
238	0.0590984	0
239	0.0591303	0
240	0.0589699	0
241	0.0588242	0
242	0.0587053	0
243	0.0586428	0
244	0.0586123	0
245	0.0582742	0
246	0.0582689	0
247	0.0578919	0
248	0.058199	0
249	0.057507	0
250	0.0580391	0
251	0.0571994	0
252	0.0582872	0
253	0.056981	0
254	0.0585671	0
255	0.0570303	0
256	0.0579284	0
257	0.0568785	0
258	0.0578757	0
259	0.057328	0
260	0.0567702	0
261	0.0575429	0
262	0.0564314	0
263	0.0586282	0
264	0.0561667	0
265	0.0577176	0
266	0.0558661	0
267	0.0575757	0
268	0.0560656	0
269	0.0560308	0
270	0.055948	0
271	0.0553486	0
272	0.0557463	0
273	0.0550469	0
274	0.0548844	0
275	0.0546352	0
276	0.0542112	0
277	0.0541921	0
278	0.05393	0
279	0.0541036	0
280	0.0537196	0
281	0.0538645	0
282	0.0535452	0
283	0.0537296	0
284	0.0534139	0
285	0.0535641	0
286	0.0534631	0
287	0.0529814	0
288	0.0534014	0
289	0.0528387	0
290	0.0534985	0
291	0.0525406	0
292	0.0533153	0
293	0.0524368	0
294	0.0532939	0
295	0.0524985	0
296	0.0527516	0
297	0.0525029	0
298	0.0524327	0
299	0.05264	0
300	0.0520173	0
301	0.0527279	0
302	0.051752	0
303	0.0525682	0
304	0.0517432	0
305	0.0523247	0
306	0.0516678	0
307	0.0517342	0
308	0.0516075	0
309	0.051504	0
310	0.0516273	0
311	0.0511517	0
312	0.0511737	0
313	0.0511155	0
314	0.051262	0
315	0.0510061	0
316	0.0509245	0
317	0.0508074	0
318	0.0509618	0
319	0.0509142	0
320	0.0507147	0
321	0.0506714	0
322	0.0506318	0
323	0.0507678	0
324	0.0505718	0
325	0.0504866	0
326	0.0504165	0
327	0.0504702	0
328	0.0504799	0
329	0.0502953	0
330	0.0502437	0
331	0.0501939	0
332	0.0502869	0
333	0.0501831	0
334	0.0500552	0
335	0.0500103	0
336	0.0500386	0
337	0.0500596	0
338	0.0498595	0
339	0.0498332	0
340	0.0496942	0
341	0.0498438	0
342	0.0495652	0
343	0.0498259	0
344	0.0493847	0
345	0.0499126	0
346	0.0492736	0
347	0.0498862	0
348	0.0491936	0
349	0.0499387	0
350	0.0492174	0
351	0.049779	0
352	0.049326	0
353	0.0494882	0
354	0.0494501	0
355	0.0491242	0
356	0.0496577	0
357	0.0489421	0
358	0.0499865	0
359	0.0487241	0
360	0.0498939	0
361	0.0488765	0
362	0.0502627	0
363	0.0487652	0
364	0.0497519	0
365	0.048884	0
366	0.0496996	0
367	0.0490539	0
368	0.0488135	0
369	0.0488353	0
370	0.0488906	0
371	0.0491105	0
372	0.0483719	0
373	0.0484304	0
374	0.0481866	0
375	0.0485532	0
376	0.0483776	0
377	0.0480022	0
378	0.0479252	0
379	0.047888	0
380	0.047994	0
381	0.0478683	0
382	0.0476159	0
383	0.0476212	0
384	0.0476398	0
385	0.0477144	0
386	0.047483	0
387	0.0474541	0
388	0.047516	0
389	0.0476804	0
390	0.0474076	0
391	0.0473518	0
392	0.0472891	0
393	0.0476792	0
394	0.0471517	0
395	0.04715	0
396	0.0467312	0
397	0.0472929	0
398	0.0468515	0
399	0.0467252	0
400	0.0465117	0
401	0.0466962	0
402	0.0470094	0
403	0.0463948	0
404	0.0464866	0
405	0.0461966	0
406	0.0467981	0
407	0.046413	0
408	0.0461253	0
409	0.0460682	0
410	0.0460899	0
411	0.0464231	0
412	0.0459847	0
413	0.0457823	0
414	0.0457603	0
415	0.0457323	0
416	0.0459459	0
417	0.0455387	0
418	0.0456139	0
419	0.0454869	0
420	0.0454728	0
421	0.045606	0
422	0.0453779	0
423	0.0454135	0
424	0.0452274	0
425	0.0453939	0
426	0.0453333	0
427	0.0452837	0
428	0.0451268	0
429	0.0451684	0
430	0.0451713	0
431	0.0450759	0
432	0.0449059	0
433	0.0447556	0
434	0.0449406	0
435	0.044594	0
436	0.0449879	0
437	0.044415	0
438	0.0453117	0
439	0.0444818	0
440	0.0456695	0
441	0.0446249	0
442	0.0459596	0
443	0.0448235	0
444	0.046827	0
445	0.0455859	0
446	0.0461957	0
447	0.0456167	0
448	0.0473766	0
449	0.0483415	0
450	0.0448182	0
451	0.0508874	0
452	0.0445783	0
453	0.053778	0
454	0.0474894	0
455	0.0470001	0
456	0.0502224	0
457	0.0542571	0
458	0.0529514	0
459	0.0691724	0
460	0.0458852	0
461	0.0582847	0
462	0.0485708	0
463	0.0540291	0
464	0.0549315	0
465	0.0483924	0
466	0.0650455	0
467	0.0467471	0
468	0.0601114	0
469	0.0540737	0
470	0.0461031	0
471	0.0464671	0
472	0.0445914	0
473	0.0436807	0
474	0.0438028	0
475	0.0433351	0
476	0.0431245	0
477	0.0430585	0
478	0.0430009	0
479	0.0429286	0
480	0.0428713	0
481	0.0427732	0
482	0.0427602	0
483	0.042761	0
484	0.0426668	0
485	0.0426451	0
486	0.0425769	0
487	0.0426636	0
488	0.0425535	0
489	0.042555	0
490	0.0424359	0
491	0.0425408	0
492	0.0425118	0
493	0.0424488	0
494	0.0423618	0
495	0.0423594	0
496	0.0424167	0
497	0.0423238	0
498	0.0423049	0
499	0.0421929	0
500	0.0423073	0