Iteration	 Training error	 Validation error 
1	0.00254185	0
2	0.00259945	0
3	0.00208995	0
4	0.00169349	0
5	0.00142868	0
6	0.00124188	0
7	0.00110173	0
8	0.000991888	0
9	0.000903071	0
10	0.000829559	0
11	0.00076759	0
12	0.000714567	0
13	0.000668637	0
14	0.000628432	0
15	0.000592923	0
16	0.000561316	0
17	0.000532989	0
18	0.000507449	0
19	0.000484296	0
20	0.000463206	0
21	0.000443911	0
22	0.000426188	0
23	0.000409849	0
24	0.000394738	0
25	0.000380717	0
26	0.000367674	0
27	0.000355506	0
28	0.000344129	0
29	0.000333466	0
30	0.000323453	0
31	0.00031403	0
32	0.000305147	0
33	0.000296757	0
34	0.000288822	0
35	0.000281304	0
36	0.000274171	0
37	0.000267394	0
38	0.000260946	0
39	0.000254805	0
40	0.000248949	0
41	0.000243358	0
42	0.000238014	0
43	0.000232902	0
44	0.000228006	0
45	0.000223313	0
46	0.000218811	0
47	0.000214487	0
48	0.000210333	0
49	0.000206337	0
50	0.00020249	0
51	0.000198786	0
52	0.000195215	0
53	0.000191771	0
54	0.000188446	0
55	0.000185236	0
56	0.000182134	0
57	0.000179134	0
58	0.000176232	0
59	0.000173422	0
60	0.000170702	0
61	0.000168065	0
62	0.000165509	0
63	0.00016303	0
64	0.000160624	0
65	0.000158289	0
66	0.000156021	0
67	0.000153816	0
68	0.000151674	0
69	0.00014959	0
70	0.000147564	0
71	0.000145591	0
72	0.00014367	0
73	0.0001418	0
74	0.000139978	0
75	0.000138202	0
76	0.000136471	0
77	0.000134783	0
78	0.000133136	0
79	0.000131528	0
80	0.00012996	0
81	0.000128428	0
82	0.000126932	0
83	0.00012547	0
84	0.000124042	0
85	0.000122646	0
86	0.000121281	0
87	0.000119946	0
88	0.000118641	0
89	0.000117363	0
90	0.000116113	0
91	0.000114889	0
92	0.00011369	0
93	0.000112517	0
94	0.000111367	0
95	0.000110241	0
96	0.000109137	0
97	0.000108055	0
98	0.000106994	0
99	0.000105954	0
100	0.000104934	0
101	0.000103933	0
102	0.000102952	0
103	0.000101988	0
104	0.000101043	0
105	0.000100115	0
106	9.92035e-05	0
107	9.83087e-05	0
108	9.74299e-05	0
109	9.65667e-05	0
110	9.57186e-05	0
111	9.48853e-05	0
112	9.40664e-05	0
113	9.32615e-05	0
114	9.24702e-05	0
115	9.16923e-05	0
116	9.09273e-05	0
117	9.01749e-05	0
118	8.94349e-05	0
119	8.8707e-05	0
120	8.79907e-05	0
121	8.7286e-05	0
122	8.65924e-05	0
123	8.59098e-05	0
124	8.52378e-05	0
125	8.45762e-05	0
126	8.39248e-05	0
127	8.32834e-05	0
128	8.26517e-05	0
129	8.20295e-05	0
130	8.14166e-05	0
131	8.08127e-05	0
132	8.02178e-05	0
133	7.96315e-05	0
134	7.90537e-05	0
135	7.84842e-05	0
136	7.79229e-05	0
137	7.73695e-05	0
138	7.68239e-05	0
139	7.6286e-05	0
140	7.57555e-05	0
141	7.52323e-05	0
142	7.47163e-05	0
143	7.42073e-05	0
144	7.37052e-05	0
145	7.32099e-05	0
146	7.27211e-05	0
147	7.22388e-05	0
148	7.17629e-05	0
149	7.12931e-05	0
150	7.08295e-05	0
151	7.03718e-05	0
152	6.99201e-05	0
153	6.9474e-05	0
154	6.90336e-05	0
155	6.85988e-05	0
156	6.81694e-05	0
157	6.77453e-05	0
158	6.73264e-05	0
159	6.69127e-05	0
160	6.6504e-05	0
161	6.61003e-05	0
162	6.57015e-05	0
163	6.53074e-05	0
164	6.4918e-05	0
165	6.45332e-05	0
166	6.41529e-05	0
167	6.37771e-05	0
168	6.34056e-05	0
169	6.30385e-05	0
170	6.26755e-05	0
171	6.23167e-05	0
172	6.1962e-05	0
173	6.16113e-05	0
174	6.12645e-05	0
175	6.09216e-05	0
176	6.05825e-05	0
177	6.02472e-05	0
178	5.99155e-05	0
179	5.95875e-05	0
180	5.9263e-05	0
181	5.8942e-05	0
182	5.86245e-05	0
183	5.83104e-05	0
184	5.79996e-05	0
185	5.76921e-05	0
186	5.73878e-05	0
187	5.70867e-05	0
188	5.67888e-05	0
189	5.64939e-05	0
190	5.62021e-05	0
191	5.59133e-05	0
192	5.56274e-05	0
193	5.53444e-05	0
194	5.50643e-05	0
195	5.47869e-05	0
196	5.45124e-05	0
197	5.42406e-05	0
198	5.39715e-05	0
199	5.3705e-05	0
200	5.34411e-05	0
201	5.31798e-05	0
202	5.29211e-05	0
203	5.26648e-05	0
204	5.2411e-05	0
205	5.21597e-05	0
206	5.19107e-05	0
207	5.16641e-05	0
208	5.14198e-05	0
209	5.11778e-05	0
210	5.09381e-05	0
211	5.07005e-05	0
212	5.04652e-05	0
213	5.02321e-05	0
214	5.00011e-05	0
215	4.97722e-05	0
216	4.95454e-05	0
217	4.93206e-05	0
218	4.90979e-05	0
219	4.88771e-05	0
220	4.86584e-05	0
221	4.84415e-05	0
222	4.82266e-05	0
223	4.80136e-05	0
224	4.78025e-05	0
225	4.75932e-05	0
226	4.73857e-05	0
227	4.718e-05	0
228	4.69761e-05	0
229	4.67739e-05	0
230	4.65734e-05	0
231	4.63747e-05	0
232	4.61776e-05	0
233	4.59823e-05	0
234	4.57885e-05	0
235	4.55964e-05	0
236	4.54058e-05	0
237	4.52169e-05	0
238	4.50295e-05	0
239	4.48437e-05	0
240	4.46593e-05	0
241	4.44765e-05	0
242	4.42952e-05	0
243	4.41153e-05	0
244	4.39369e-05	0
245	4.37599e-05	0
246	4.35843e-05	0
247	4.34102e-05	0
248	4.32374e-05	0
249	4.3066e-05	0
250	4.28959e-05	0
251	4.27272e-05	0
252	4.25597e-05	0
253	4.23936e-05	0
254	4.22288e-05	0
255	4.20652e-05	0
256	4.19029e-05	0
257	4.17419e-05	0
258	4.1582e-05	0
259	4.14234e-05	0
260	4.1266e-05	0
261	4.11098e-05	0
262	4.09547e-05	0
263	4.08008e-05	0
264	4.06481e-05	0
265	4.04965e-05	0
266	4.0346e-05	0
267	4.01966e-05	0
268	4.00483e-05	0
269	3.99012e-05	0
270	3.9755e-05	0
271	3.961e-05	0
272	3.9466e-05	0
273	3.9323e-05	0
274	3.91811e-05	0
275	3.90402e-05	0
276	3.89003e-05	0
277	3.87613e-05	0
278	3.86234e-05	0
279	3.84865e-05	0
280	3.83505e-05	0
281	3.82154e-05	0
282	3.80813e-05	0
283	3.79482e-05	0
284	3.78159e-05	0
285	3.76846e-05	0
286	3.75542e-05	0
287	3.74247e-05	0
288	3.72961e-05	0
289	3.71683e-05	0
290	3.70414e-05	0
291	3.69154e-05	0
292	3.67902e-05	0
293	3.66659e-05	0
294	3.65424e-05	0
295	3.64197e-05	0
296	3.62979e-05	0
297	3.61768e-05	0
298	3.60566e-05	0
299	3.59372e-05	0
300	3.58185e-05	0
301	3.57006e-05	0
302	3.55835e-05	0
303	3.54672e-05	0
304	3.53516e-05	0
305	3.52367e-05	0
306	3.51226e-05	0
307	3.50092e-05	0
308	3.48966e-05	0
309	3.47847e-05	0
310	3.46735e-05	0
311	3.4563e-05	0
312	3.44531e-05	0
313	3.4344e-05	0
314	3.42356e-05	0
315	3.41279e-05	0
316	3.40208e-05	0
317	3.39144e-05	0
318	3.38086e-05	0
319	3.37035e-05	0
320	3.35991e-05	0
321	3.34953e-05	0
322	3.33921e-05	0
323	3.32896e-05	0
324	3.31877e-05	0
325	3.30864e-05	0
326	3.29857e-05	0
327	3.28857e-05	0
328	3.27862e-05	0
329	3.26874e-05	0
330	3.25891e-05	0
331	3.24914e-05	0
332	3.23943e-05	0
333	3.22978e-05	0
334	3.22018e-05	0
335	3.21064e-05	0
336	3.20116e-05	0
337	3.19173e-05	0
338	3.18236e-05	0
339	3.17304e-05	0
340	3.16378e-05	0
341	3.15457e-05	0
342	3.14541e-05	0
343	3.13631e-05	0
344	3.12726e-05	0
345	3.11826e-05	0
346	3.10931e-05	0
347	3.10041e-05	0
348	3.09157e-05	0
349	3.08277e-05	0
350	3.07403e-05	0
351	3.06533e-05	0
352	3.05668e-05	0
353	3.04808e-05	0
354	3.03953e-05	0
355	3.03102e-05	0
356	3.02257e-05	0
357	3.01416e-05	0
358	3.00579e-05	0
359	2.99748e-05	0
360	2.9892e-05	0
361	2.98098e-05	0
362	2.9728e-05	0
363	2.96466e-05	0
364	2.95657e-05	0
365	2.94852e-05	0
366	2.94051e-05	0
367	2.93255e-05	0
368	2.92463e-05	0
369	2.91676e-05	0
370	2.90892e-05	0
371	2.90113e-05	0
372	2.89338e-05	0
373	2.88567e-05	0
374	2.878e-05	0
375	2.87037e-05	0
376	2.86278e-05	0
377	2.85523e-05	0
378	2.84772e-05	0
379	2.84025e-05	0
380	2.83282e-05	0
381	2.82543e-05	0
382	2.81807e-05	0
383	2.81076e-05	0
384	2.80348e-05	0
385	2.79624e-05	0
386	2.78903e-05	0
387	2.78187e-05	0
388	2.77474e-05	0
389	2.76764e-05	0
390	2.76058e-05	0
391	2.75356e-05	0
392	2.74658e-05	0
393	2.73962e-05	0
394	2.73271e-05	0
395	2.72582e-05	0
396	2.71898e-05	0
397	2.71216e-05	0
398	2.70538e-05	0
399	2.69864e-05	0
400	2.69193e-05	0
401	2.68525e-05	0
402	2.6786e-05	0
403	2.67199e-05	0
404	2.66541e-05	0
405	2.65886e-05	0
406	2.65234e-05	0
407	2.64585e-05	0
408	2.6394e-05	0
409	2.63298e-05	0
410	2.62659e-05	0
411	2.62023e-05	0
412	2.6139e-05	0
413	2.6076e-05	0
414	2.60133e-05	0
415	2.59509e-05	0
416	2.58888e-05	0
417	2.5827e-05	0
418	2.57655e-05	0
419	2.57042e-05	0
420	2.56433e-05	0
421	2.55827e-05	0
422	2.55223e-05	0
423	2.54622e-05	0
424	2.54024e-05	0
425	2.53429e-05	0
426	2.52837e-05	0
427	2.52247e-05	0
428	2.5166e-05	0
429	2.51076e-05	0
430	2.50495e-05	0
431	2.49916e-05	0
432	2.4934e-05	0
433	2.48766e-05	0
434	2.48195e-05	0
435	2.47627e-05	0
436	2.47061e-05	0
437	2.46498e-05	0
438	2.45937e-05	0
439	2.45379e-05	0
440	2.44824e-05	0
441	2.44271e-05	0
442	2.4372e-05	0
443	2.43172e-05	0
444	2.42626e-05	0
445	2.42083e-05	0
446	2.41542e-05	0
447	2.41004e-05	0
448	2.40468e-05	0
449	2.39934e-05	0
450	2.39403e-05	0
451	2.38874e-05	0
452	2.38347e-05	0
453	2.37823e-05	0
454	2.37301e-05	0
455	2.36781e-05	0
456	2.36264e-05	0
457	2.35748e-05	0
458	2.35235e-05	0
459	2.34725e-05	0
460	2.34216e-05	0
461	2.33709e-05	0
462	2.33205e-05	0
463	2.32703e-05	0
464	2.32203e-05	0
465	2.31705e-05	0
466	2.3121e-05	0
467	2.30716e-05	0
468	2.30225e-05	0
469	2.29735e-05	0
470	2.29248e-05	0
471	2.28763e-05	0
472	2.28279e-05	0
473	2.27798e-05	0
474	2.27319e-05	0
475	2.26842e-05	0
476	2.26367e-05	0
477	2.25893e-05	0
478	2.25422e-05	0
479	2.24953e-05	0
480	2.24485e-05	0
481	2.2402e-05	0
482	2.23557e-05	0
483	2.23095e-05	0
484	2.22635e-05	0
485	2.22177e-05	0
486	2.21721e-05	0
487	2.21267e-05	0
488	2.20815e-05	0
489	2.20365e-05	0
490	2.19916e-05	0
491	2.19469e-05	0
492	2.19024e-05	0
493	2.18581e-05	0
494	2.1814e-05	0
495	2.177e-05	0
496	2.17262e-05	0
497	2.16826e-05	0
498	2.16392e-05	0
499	2.15959e-05	0
500	2.15528e-05	0
501	2.15099e-05	0
502	2.14671e-05	0
503	2.14245e-05	0
504	2.13821e-05	0
505	2.13399e-05	0
506	2.12978e-05	0
507	2.12559e-05	0
508	2.12141e-05	0
509	2.11725e-05	0
510	2.11311e-05	0
511	2.10898e-05	0
512	2.10487e-05	0
513	2.10078e-05	0
514	2.0967e-05	0
515	2.09263e-05	0
516	2.08859e-05	0
517	2.08455e-05	0
518	2.08054e-05	0
519	2.07654e-05	0
520	2.07255e-05	0
521	2.06858e-05	0
522	2.06462e-05	0
523	2.06068e-05	0
524	2.05676e-05	0
525	2.05285e-05	0
526	2.04895e-05	0
527	2.04507e-05	0
528	2.0412e-05	0
529	2.03735e-05	0
530	2.03351e-05	0
531	2.02969e-05	0
532	2.02588e-05	0
533	2.02208e-05	0
534	2.0183e-05	0
535	2.01454e-05	0
536	2.01078e-05	0
537	2.00705e-05	0
538	2.00332e-05	0
539	1.99961e-05	0
540	1.99591e-05	0
541	1.99223e-05	0
542	1.98856e-05	0
543	1.9849e-05	0
544	1.98126e-05	0
545	1.97762e-05	0
546	1.97401e-05	0
547	1.9704e-05	0
548	1.96681e-05	0
549	1.96323e-05	0
550	1.95967e-05	0
551	1.95612e-05	0
552	1.95258e-05	0
553	1.94905e-05	0
554	1.94554e-05	0
555	1.94203e-05	0
556	1.93855e-05	0
557	1.93507e-05	0
558	1.9316e-05	0
559	1.92815e-05	0
560	1.92471e-05	0
561	1.92129e-05	0
562	1.91787e-05	0
563	1.91447e-05	0
564	1.91108e-05	0
565	1.9077e-05	0
566	1.90433e-05	0
567	1.90097e-05	0
568	1.89763e-05	0
569	1.8943e-05	0
570	1.89098e-05	0
571	1.88767e-05	0
572	1.88437e-05	0
573	1.88108e-05	0
574	1.87781e-05	0
575	1.87455e-05	0
576	1.87129e-05	0
577	1.86805e-05	0
578	1.86482e-05	0
579	1.86161e-05	0
580	1.8584e-05	0
581	1.8552e-05	0
582	1.85202e-05	0
583	1.84884e-05	0
584	1.84568e-05	0
585	1.84252e-05	0
586	1.83938e-05	0
587	1.83625e-05	0
588	1.83313e-05	0
589	1.83002e-05	0
590	1.82692e-05	0
591	1.82383e-05	0
592	1.82075e-05	0
593	1.81768e-05	0
594	1.81462e-05	0
595	1.81157e-05	0
596	1.80853e-05	0
597	1.80551e-05	0
598	1.80249e-05	0
599	1.79948e-05	0
600	1.79648e-05	0
601	1.79349e-05	0
602	1.79051e-05	0
603	1.78755e-05	0
604	1.78459e-05	0
605	1.78164e-05	0
606	1.7787e-05	0
607	1.77577e-05	0
608	1.77285e-05	0
609	1.76994e-05	0
610	1.76704e-05	0
611	1.76415e-05	0
612	1.76126e-05	0
613	1.75839e-05	0
614	1.75553e-05	0
615	1.75267e-05	0
616	1.74983e-05	0
617	1.74699e-05	0
618	1.74416e-05	0
619	1.74135e-05	0
620	1.73854e-05	0
621	1.73574e-05	0
622	1.73295e-05	0
623	1.73017e-05	0
624	1.72739e-05	0
625	1.72463e-05	0
626	1.72187e-05	0
627	1.71913e-05	0
628	1.71639e-05	0
629	1.71366e-05	0
630	1.71094e-05	0
631	1.70823e-05	0
632	1.70552e-05	0
633	1.70283e-05	0
634	1.70014e-05	0
635	1.69747e-05	0
636	1.6948e-05	0
637	1.69213e-05	0
638	1.68948e-05	0
639	1.68684e-05	0
640	1.6842e-05	0
641	1.68157e-05	0
642	1.67895e-05	0
643	1.67634e-05	0
644	1.67374e-05	0
645	1.67114e-05	0
646	1.66855e-05	0
647	1.66597e-05	0
648	1.6634e-05	0
649	1.66084e-05	0
650	1.65828e-05	0
651	1.65573e-05	0
652	1.65319e-05	0
653	1.65066e-05	0
654	1.64813e-05	0
655	1.64561e-05	0
656	1.6431e-05	0
657	1.6406e-05	0
658	1.63811e-05	0
659	1.63562e-05	0
660	1.63314e-05	0
661	1.63067e-05	0
662	1.6282e-05	0
663	1.62575e-05	0
664	1.6233e-05	0
665	1.62085e-05	0
666	1.61842e-05	0
667	1.61599e-05	0
668	1.61357e-05	0
669	1.61116e-05	0
670	1.60875e-05	0
671	1.60635e-05	0
672	1.60396e-05	0
673	1.60157e-05	0
674	1.59919e-05	0
675	1.59682e-05	0
676	1.59446e-05	0
677	1.5921e-05	0
678	1.58975e-05	0
679	1.58741e-05	0
680	1.58507e-05	0
681	1.58274e-05	0
682	1.58042e-05	0
683	1.5781e-05	0
684	1.57579e-05	0
685	1.57349e-05	0
686	1.5712e-05	0
687	1.56891e-05	0
688	1.56662e-05	0
689	1.56435e-05	0
690	1.56208e-05	0
691	1.55982e-05	0
692	1.55756e-05	0
693	1.55531e-05	0
694	1.55307e-05	0
695	1.55083e-05	0
696	1.5486e-05	0
697	1.54637e-05	0
698	1.54416e-05	0
699	1.54194e-05	0
700	1.53974e-05	0
701	1.53754e-05	0
702	1.53535e-05	0
703	1.53316e-05	0
704	1.53098e-05	0
705	1.52881e-05	0
706	1.52664e-05	0
707	1.52448e-05	0
708	1.52232e-05	0
709	1.52017e-05	0
710	1.51803e-05	0
711	1.51589e-05	0
712	1.51376e-05	0
713	1.51163e-05	0
714	1.50951e-05	0
715	1.5074e-05	0
716	1.50529e-05	0
717	1.50319e-05	0
718	1.50109e-05	0
719	1.499e-05	0
720	1.49692e-05	0
721	1.49484e-05	0
722	1.49276e-05	0
723	1.4907e-05	0
724	1.48863e-05	0
725	1.48658e-05	0
726	1.48453e-05	0
727	1.48248e-05	0
728	1.48044e-05	0
729	1.47841e-05	0
730	1.47638e-05	0
731	1.47436e-05	0
732	1.47234e-05	0
733	1.47033e-05	0
734	1.46832e-05	0
735	1.46632e-05	0
736	1.46433e-05	0
737	1.46234e-05	0
738	1.46035e-05	0
739	1.45837e-05	0
740	1.4564e-05	0
741	1.45443e-05	0
742	1.45247e-05	0
743	1.45051e-05	0
744	1.44856e-05	0
745	1.44661e-05	0
746	1.44467e-05	0
747	1.44273e-05	0
748	1.4408e-05	0
749	1.43887e-05	0
750	1.43695e-05	0
751	1.43503e-05	0
752	1.43312e-05	0
753	1.43121e-05	0
754	1.42931e-05	0
755	1.42742e-05	0
756	1.42552e-05	0
757	1.42364e-05	0
758	1.42176e-05	0
759	1.41988e-05	0
760	1.41801e-05	0
761	1.41614e-05	0
762	1.41428e-05	0
763	1.41242e-05	0
764	1.41057e-05	0
765	1.40872e-05	0
766	1.40688e-05	0
767	1.40504e-05	0
768	1.40321e-05	0
769	1.40138e-05	0
770	1.39956e-05	0
771	1.39774e-05	0
772	1.39592e-05	0
773	1.39412e-05	0
774	1.39231e-05	0
775	1.39051e-05	0
776	1.38871e-05	0
777	1.38692e-05	0
778	1.38514e-05	0
779	1.38336e-05	0
780	1.38158e-05	0
781	1.37981e-05	0
782	1.37804e-05	0
783	1.37627e-05	0
784	1.37452e-05	0
785	1.37276e-05	0
786	1.37101e-05	0
787	1.36926e-05	0
788	1.36752e-05	0
789	1.36579e-05	0
790	1.36405e-05	0
791	1.36233e-05	0
792	1.3606e-05	0
793	1.35888e-05	0
794	1.35717e-05	0
795	1.35546e-05	0
796	1.35375e-05	0
797	1.35205e-05	0
798	1.35035e-05	0
799	1.34866e-05	0
800	1.34697e-05	0
801	1.34528e-05	0
802	1.3436e-05	0
803	1.34192e-05	0
804	1.34025e-05	0
805	1.33858e-05	0
806	1.33692e-05	0
807	1.33526e-05	0
808	1.3336e-05	0
809	1.33195e-05	0
810	1.3303e-05	0
811	1.32865e-05	0
812	1.32701e-05	0
813	1.32538e-05	0
814	1.32375e-05	0
815	1.32212e-05	0
816	1.32049e-05	0
817	1.31887e-05	0
818	1.31726e-05	0
819	1.31565e-05	0
820	1.31404e-05	0
821	1.31243e-05	0
822	1.31083e-05	0
823	1.30924e-05	0
824	1.30764e-05	0
825	1.30605e-05	0
826	1.30447e-05	0
827	1.30289e-05	0
828	1.30131e-05	0
829	1.29974e-05	0
830	1.29817e-05	0
831	1.2966e-05	0
832	1.29504e-05	0
833	1.29348e-05	0
834	1.29192e-05	0
835	1.29037e-05	0
836	1.28883e-05	0
837	1.28728e-05	0
838	1.28574e-05	0
839	1.28421e-05	0
840	1.28267e-05	0
841	1.28114e-05	0
842	1.27962e-05	0
843	1.2781e-05	0
844	1.27658e-05	0
845	1.27506e-05	0
846	1.27355e-05	0
847	1.27204e-05	0
848	1.27054e-05	0
849	1.26904e-05	0
850	1.26754e-05	0
851	1.26605e-05	0
852	1.26456e-05	0
853	1.26307e-05	0
854	1.26159e-05	0
855	1.26011e-05	0
856	1.25863e-05	0
857	1.25716e-05	0
858	1.25569e-05	0
859	1.25423e-05	0
860	1.25276e-05	0
861	1.2513e-05	0
862	1.24985e-05	0
863	1.2484e-05	0
864	1.24695e-05	0
865	1.2455e-05	0
866	1.24406e-05	0
867	1.24262e-05	0
868	1.24118e-05	0
869	1.23975e-05	0
870	1.23832e-05	0
871	1.2369e-05	0
872	1.23547e-05	0
873	1.23405e-05	0
874	1.23264e-05	0
875	1.23123e-05	0
876	1.22982e-05	0
877	1.22841e-05	0
878	1.22701e-05	0
879	1.22561e-05	0
880	1.22421e-05	0
881	1.22282e-05	0
882	1.22143e-05	0
883	1.22004e-05	0
884	1.21865e-05	0
885	1.21727e-05	0
886	1.21589e-05	0
887	1.21452e-05	0
888	1.21315e-05	0
889	1.21178e-05	0
890	1.21041e-05	0
891	1.20905e-05	0
892	1.20769e-05	0
893	1.20633e-05	0
894	1.20498e-05	0
895	1.20363e-05	0
896	1.20228e-05	0
897	1.20094e-05	0
898	1.1996e-05	0
899	1.19826e-05	0
900	1.19692e-05	0
901	1.19559e-05	0
902	1.19426e-05	0
903	1.19293e-05	0
904	1.19161e-05	0
905	1.19029e-05	0
906	1.18897e-05	0
907	1.18766e-05	0
908	1.18634e-05	0
909	1.18503e-05	0
910	1.18373e-05	0
911	1.18242e-05	0
912	1.18112e-05	0
913	1.17983e-05	0
914	1.17853e-05	0
915	1.17724e-05	0
916	1.17595e-05	0
917	1.17466e-05	0
918	1.17338e-05	0
919	1.1721e-05	0
920	1.17082e-05	0
921	1.16954e-05	0
922	1.16827e-05	0
923	1.167e-05	0
924	1.16573e-05	0
925	1.16447e-05	0
926	1.16321e-05	0
927	1.16195e-05	0
928	1.16069e-05	0
929	1.15944e-05	0
930	1.15819e-05	0
931	1.15694e-05	0
932	1.1557e-05	0
933	1.15445e-05	0
934	1.15321e-05	0
935	1.15197e-05	0
936	1.15074e-05	0
937	1.14951e-05	0
938	1.14828e-05	0
939	1.14705e-05	0
940	1.14583e-05	0
941	1.1446e-05	0
942	1.14338e-05	0
943	1.14217e-05	0
944	1.14095e-05	0
945	1.13974e-05	0
946	1.13853e-05	0
947	1.13733e-05	0
948	1.13612e-05	0
949	1.13492e-05	0
950	1.13372e-05	0
951	1.13253e-05	0
952	1.13133e-05	0
953	1.13014e-05	0
954	1.12895e-05	0
955	1.12777e-05	0
956	1.12658e-05	0
957	1.1254e-05	0
958	1.12422e-05	0
959	1.12305e-05	0
960	1.12187e-05	0
961	1.1207e-05	0
962	1.11953e-05	0
963	1.11836e-05	0
964	1.1172e-05	0
965	1.11604e-05	0
966	1.11488e-05	0
967	1.11372e-05	0
968	1.11257e-05	0
969	1.11141e-05	0
970	1.11026e-05	0
971	1.10912e-05	0
972	1.10797e-05	0
973	1.10683e-05	0
974	1.10569e-05	0
975	1.10455e-05	0
976	1.10341e-05	0
977	1.10228e-05	0
978	1.10115e-05	0
979	1.10002e-05	0
980	1.09889e-05	0
981	1.09777e-05	0
982	1.09665e-05	0
983	1.09553e-05	0
984	1.09441e-05	0
985	1.09329e-05	0
986	1.09218e-05	0
987	1.09107e-05	0
988	1.08996e-05	0
989	1.08886e-05	0
990	1.08775e-05	0
991	1.08665e-05	0
992	1.08555e-05	0
993	1.08445e-05	0
994	1.08336e-05	0
995	1.08227e-05	0
996	1.08117e-05	0
997	1.08009e-05	0
998	1.079e-05	0
999	1.07792e-05	0
1000	1.07683e-05	0