Iteration	 Training error	 Validation error 
1	0.322767	0
2	0.292759	0
3	0.271607	0
4	0.251878	0
5	0.231256	0
6	0.209147	0
7	0.1852	0
8	0.160378	0
9	0.137025	0
10	0.117471	0
11	0.102475	0
12	0.0913568	0
13	0.0830495	0
14	0.0766656	0
15	0.0715763	0
16	0.0673514	0
17	0.0636949	0
18	0.0603993	0
19	0.0573176	0
20	0.0543493	0
21	0.0514375	0
22	0.0485728	0
23	0.0457901	0
24	0.0431394	0
25	0.0406397	0
26	0.0382683	0
27	0.0359939	0
28	0.0338016	0
29	0.0316936	0
30	0.0296874	0
31	0.0278132	0
32	0.0260967	0
33	0.0245444	0
34	0.0231438	0
35	0.0218747	0
36	0.0207171	0
37	0.0196547	0
38	0.0186748	0
39	0.017768	0
40	0.0169269	0
41	0.0161454	0
42	0.0154184	0
43	0.0147414	0
44	0.0141105	0
45	0.0135219	0
46	0.0129725	0
47	0.0124593	0
48	0.0119795	0
49	0.0115306	0
50	0.0111104	0
51	0.0107165	0
52	0.0103471	0
53	0.0100002	0
54	0.00967414	0
55	0.00936735	0
56	0.00907835	0
57	0.0088058	0
58	0.00854846	0
59	0.00830521	0
60	0.008075	0
61	0.00785688	0
62	0.00764998	0
63	0.0074535	0
64	0.00726671	0
65	0.00708893	0
66	0.00691956	0
67	0.00675803	0
68	0.00660382	0
69	0.00645646	0
70	0.0063155	0
71	0.00618056	0
72	0.00605125	0
73	0.00592723	0
74	0.00580819	0
75	0.00569385	0
76	0.00558392	0
77	0.00547815	0
78	0.00537633	0
79	0.00527822	0
80	0.00518364	0
81	0.00509239	0
82	0.00500431	0
83	0.00491922	0
84	0.00483699	0
85	0.00475746	0
86	0.00468051	0
87	0.00460602	0
88	0.00453386	0
89	0.00446393	0
90	0.00439613	0
91	0.00433036	0
92	0.00426653	0
93	0.00420455	0
94	0.00414436	0
95	0.00408586	0
96	0.00402899	0
97	0.00397369	0
98	0.00391988	0
99	0.00386752	0
100	0.00381653	0
101	0.00376687	0
102	0.00371849	0
103	0.00367133	0
104	0.00362536	0
105	0.00358052	0
106	0.00353678	0
107	0.00349409	0
108	0.00345242	0
109	0.00341173	0
110	0.00337199	0
111	0.00333317	0
112	0.00329523	0
113	0.00325814	0
114	0.00322187	0
115	0.00318641	0
116	0.00315171	0
117	0.00311777	0
118	0.00308454	0
119	0.00305202	0
120	0.00302017	0
121	0.00298898	0
122	0.00295843	0
123	0.00292849	0
124	0.00289915	0
125	0.0028704	0
126	0.00284221	0
127	0.00281456	0
128	0.00278745	0
129	0.00276085	0
130	0.00273476	0
131	0.00270916	0
132	0.00268402	0
133	0.00265935	0
134	0.00263513	0
135	0.00261135	0
136	0.00258799	0
137	0.00256504	0
138	0.0025425	0
139	0.00252035	0
140	0.00249858	0
141	0.00247718	0
142	0.00245614	0
143	0.00243546	0
144	0.00241513	0
145	0.00239513	0
146	0.00237545	0
147	0.0023561	0
148	0.00233706	0
149	0.00231833	0
150	0.00229989	0
151	0.00228174	0
152	0.00226388	0
153	0.00224629	0
154	0.00222898	0
155	0.00221192	0
156	0.00219513	0
157	0.00217859	0
158	0.0021623	0
159	0.00214624	0
160	0.00213043	0
161	0.00211484	0
162	0.00209948	0
163	0.00208435	0
164	0.00206942	0
165	0.00205471	0
166	0.00204021	0
167	0.00202591	0
168	0.00201181	0
169	0.00199791	0
170	0.00198419	0
171	0.00197066	0
172	0.00195731	0
173	0.00194415	0
174	0.00193116	0
175	0.00191834	0
176	0.00190569	0
177	0.0018932	0
178	0.00188088	0
179	0.00186872	0
180	0.00185671	0
181	0.00184485	0
182	0.00183315	0
183	0.00182159	0
184	0.00181018	0
185	0.00179891	0
186	0.00178778	0
187	0.00177678	0
188	0.00176592	0
189	0.0017552	0
190	0.0017446	0
191	0.00173412	0
192	0.00172378	0
193	0.00171355	0
194	0.00170345	0
195	0.00169346	0
196	0.00168359	0
197	0.00167384	0
198	0.00166419	0
199	0.00165466	0
200	0.00164523	0
201	0.00163592	0
202	0.0016267	0
203	0.00161759	0
204	0.00160858	0
205	0.00159967	0
206	0.00159086	0
207	0.00158215	0
208	0.00157353	0
209	0.001565	0
210	0.00155657	0
211	0.00154822	0
212	0.00153997	0
213	0.0015318	0
214	0.00152372	0
215	0.00151572	0
216	0.00150781	0
217	0.00149997	0
218	0.00149222	0
219	0.00148455	0
220	0.00147696	0
221	0.00146944	0
222	0.001462	0
223	0.00145464	0
224	0.00144735	0
225	0.00144013	0
226	0.00143298	0
227	0.0014259	0
228	0.0014189	0
229	0.00141196	0
230	0.00140509	0
231	0.00139828	0
232	0.00139154	0
233	0.00138487	0
234	0.00137826	0
235	0.00137171	0
236	0.00136522	0
237	0.0013588	0
238	0.00135243	0
239	0.00134613	0
240	0.00133988	0
241	0.00133369	0
242	0.00132756	0
243	0.00132148	0
244	0.00131546	0
245	0.0013095	0
246	0.00130358	0
247	0.00129772	0
248	0.00129192	0
249	0.00128616	0
250	0.00128046	0
251	0.0012748	0
252	0.0012692	0
253	0.00126364	0
254	0.00125813	0
255	0.00125267	0
256	0.00124726	0
257	0.0012419	0
258	0.00123658	0
259	0.0012313	0
260	0.00122607	0
261	0.00122089	0
262	0.00121575	0
263	0.00121065	0
264	0.00120559	0
265	0.00120058	0
266	0.00119561	0
267	0.00119067	0
268	0.00118578	0
269	0.00118093	0
270	0.00117612	0
271	0.00117135	0
272	0.00116661	0
273	0.00116192	0
274	0.00115726	0
275	0.00115264	0
276	0.00114806	0
277	0.00114351	0
278	0.001139	0
279	0.00113452	0
280	0.00113008	0
281	0.00112567	0
282	0.0011213	0
283	0.00111696	0
284	0.00111265	0
285	0.00110838	0
286	0.00110414	0
287	0.00109994	0
288	0.00109576	0
289	0.00109162	0
290	0.0010875	0
291	0.00108342	0
292	0.00107937	0
293	0.00107535	0
294	0.00107136	0
295	0.0010674	0
296	0.00106347	0
297	0.00105956	0
298	0.00105569	0
299	0.00105184	0
300	0.00104802	0
301	0.00104423	0
302	0.00104047	0
303	0.00103673	0
304	0.00103302	0
305	0.00102934	0
306	0.00102568	0
307	0.00102205	0
308	0.00101844	0
309	0.00101486	0
310	0.00101131	0
311	0.00100778	0
312	0.00100427	0
313	0.00100079	0
314	0.000997331	0
315	0.000993897	0
316	0.000990487	0
317	0.0009871	0
318	0.000983736	0
319	0.000980395	0
320	0.000977077	0
321	0.000973781	0
322	0.000970507	0
323	0.000967256	0
324	0.000964025	0
325	0.000960817	0
326	0.00095763	0
327	0.000954464	0
328	0.000951318	0
329	0.000948194	0
330	0.00094509	0
331	0.000942006	0
332	0.000938942	0
333	0.000935898	0
334	0.000932874	0
335	0.000929869	0
336	0.000926884	0
337	0.000923918	0
338	0.00092097	0
339	0.000918042	0
340	0.000915132	0
341	0.00091224	0
342	0.000909367	0
343	0.000906511	0
344	0.000903674	0
345	0.000900854	0
346	0.000898052	0
347	0.000895267	0
348	0.0008925	0
349	0.000889749	0
350	0.000887016	0
351	0.000884299	0
352	0.000881599	0
353	0.000878915	0
354	0.000876248	0
355	0.000873597	0
356	0.000870961	0
357	0.000868342	0
358	0.000865738	0
359	0.00086315	0
360	0.000860578	0
361	0.00085802	0
362	0.000855478	0
363	0.000852951	0
364	0.000850439	0
365	0.000847941	0
366	0.000845458	0
367	0.00084299	0
368	0.000840536	0
369	0.000838097	0
370	0.000835671	0
371	0.00083326	0
372	0.000830862	0
373	0.000828478	0
374	0.000826108	0
375	0.000823751	0
376	0.000821408	0
377	0.000819078	0
378	0.000816761	0
379	0.000814458	0
380	0.000812167	0
381	0.000809889	0
382	0.000807624	0
383	0.000805372	0
384	0.000803132	0
385	0.000800905	0
386	0.00079869	0
387	0.000796487	0
388	0.000794296	0
389	0.000792117	0
390	0.000789951	0
391	0.000787796	0
392	0.000785653	0
393	0.000783521	0
394	0.000781401	0
395	0.000779293	0
396	0.000777196	0
397	0.00077511	0
398	0.000773035	0
399	0.000770971	0
400	0.000768919	0
401	0.000766877	0
402	0.000764846	0
403	0.000762826	0
404	0.000760817	0
405	0.000758818	0
406	0.00075683	0
407	0.000754852	0
408	0.000752884	0
409	0.000750926	0
410	0.000748979	0
411	0.000747042	0
412	0.000745115	0
413	0.000743198	0
414	0.00074129	0
415	0.000739393	0
416	0.000737505	0
417	0.000735627	0
418	0.000733758	0
419	0.000731899	0
420	0.000730049	0
421	0.000728209	0
422	0.000726378	0
423	0.000724556	0
424	0.000722743	0
425	0.000720939	0
426	0.000719144	0
427	0.000717358	0
428	0.000715581	0
429	0.000713813	0
430	0.000712054	0
431	0.000710303	0
432	0.000708561	0
433	0.000706827	0
434	0.000705102	0
435	0.000703385	0
436	0.000701677	0
437	0.000699977	0
438	0.000698285	0
439	0.000696601	0
440	0.000694926	0
441	0.000693258	0
442	0.000691599	0
443	0.000689947	0
444	0.000688303	0
445	0.000686667	0
446	0.000685039	0
447	0.000683419	0
448	0.000681806	0
449	0.000680201	0
450	0.000678603	0
451	0.000677013	0
452	0.000675431	0
453	0.000673855	0
454	0.000672288	0
455	0.000670727	0
456	0.000669174	0
457	0.000667628	0
458	0.000666088	0
459	0.000664557	0
460	0.000663032	0
461	0.000661514	0
462	0.000660003	0
463	0.000658499	0
464	0.000657002	0
465	0.000655511	0
466	0.000654028	0
467	0.000652551	0
468	0.000651081	0
469	0.000649617	0
470	0.00064816	0
471	0.000646709	0
472	0.000645265	0
473	0.000643828	0
474	0.000642397	0
475	0.000640972	0
476	0.000639553	0
477	0.000638141	0
478	0.000636735	0
479	0.000635335	0
480	0.000633942	0
481	0.000632554	0
482	0.000631173	0
483	0.000629797	0
484	0.000628428	0
485	0.000627065	0
486	0.000625707	0
487	0.000624355	0
488	0.00062301	0
489	0.00062167	0
490	0.000620335	0
491	0.000619007	0
492	0.000617684	0
493	0.000616367	0
494	0.000615055	0
495	0.000613749	0
496	0.000612449	0
497	0.000611154	0
498	0.000609864	0
499	0.00060858	0
500	0.000607302	0
501	0.000606029	0
502	0.000604761	0
503	0.000603498	0
504	0.000602241	0
505	0.000600989	0
506	0.000599742	0
507	0.0005985	0
508	0.000597264	0
509	0.000596032	0
510	0.000594806	0
511	0.000593584	0
512	0.000592368	0
513	0.000591157	0
514	0.000589951	0
515	0.000588749	0
516	0.000587553	0
517	0.000586361	0
518	0.000585174	0
519	0.000583992	0
520	0.000582815	0
521	0.000581642	0
522	0.000580474	0
523	0.000579311	0
524	0.000578153	0
525	0.000576999	0
526	0.00057585	0
527	0.000574705	0
528	0.000573565	0
529	0.00057243	0
530	0.000571299	0
531	0.000570172	0
532	0.00056905	0
533	0.000567932	0
534	0.000566819	0
535	0.00056571	0
536	0.000564605	0
537	0.000563505	0
538	0.000562409	0
539	0.000561317	0
540	0.00056023	0
541	0.000559147	0
542	0.000558067	0
543	0.000556992	0
544	0.000555922	0
545	0.000554855	0
546	0.000553792	0
547	0.000552734	0
548	0.00055168	0
549	0.000550629	0
550	0.000549583	0
551	0.00054854	0
552	0.000547502	0
553	0.000546467	0
554	0.000545437	0
555	0.00054441	0
556	0.000543387	0
557	0.000542368	0
558	0.000541353	0
559	0.000540341	0
560	0.000539334	0
561	0.00053833	0
562	0.00053733	0
563	0.000536333	0
564	0.00053534	0
565	0.000534351	0
566	0.000533366	0
567	0.000532384	0
568	0.000531406	0
569	0.000530432	0
570	0.000529461	0
571	0.000528493	0
572	0.000527529	0
573	0.000526569	0
574	0.000525612	0
575	0.000524659	0
576	0.000523709	0
577	0.000522763	0
578	0.00052182	0
579	0.00052088	0
580	0.000519944	0
581	0.000519011	0
582	0.000518081	0
583	0.000517155	0
584	0.000516232	0
585	0.000515313	0
586	0.000514396	0
587	0.000513483	0
588	0.000512573	0
589	0.000511667	0
590	0.000510763	0
591	0.000509863	0
592	0.000508966	0
593	0.000508072	0
594	0.000507182	0
595	0.000506294	0
596	0.00050541	0
597	0.000504528	0
598	0.00050365	0
599	0.000502775	0
600	0.000501903	0
601	0.000501033	0
602	0.000500167	0
603	0.000499304	0
604	0.000498444	0
605	0.000497587	0
606	0.000496733	0
607	0.000495881	0
608	0.000495033	0
609	0.000494187	0
610	0.000493345	0
611	0.000492505	0
612	0.000491668	0
613	0.000490834	0
614	0.000490003	0
615	0.000489175	0
616	0.000488349	0
617	0.000487526	0
618	0.000486706	0
619	0.000485889	0
620	0.000485074	0
621	0.000484263	0
622	0.000483454	0
623	0.000482647	0
624	0.000481844	0
625	0.000481043	0
626	0.000480244	0
627	0.000479449	0
628	0.000478656	0
629	0.000477865	0
630	0.000477078	0
631	0.000476292	0
632	0.00047551	0
633	0.00047473	0
634	0.000473952	0
635	0.000473178	0
636	0.000472405	0
637	0.000471635	0
638	0.000470868	0
639	0.000470103	0
640	0.000469341	0
641	0.000468581	0
642	0.000467824	0
643	0.000467069	0
644	0.000466316	0
645	0.000465566	0
646	0.000464818	0
647	0.000464073	0
648	0.00046333	0
649	0.00046259	0
650	0.000461852	0
651	0.000461116	0
652	0.000460383	0
653	0.000459651	0
654	0.000458923	0
655	0.000458196	0
656	0.000457472	0
657	0.00045675	0
658	0.000456031	0
659	0.000455313	0
660	0.000454598	0
661	0.000453886	0
662	0.000453175	0
663	0.000452467	0
664	0.000451761	0
665	0.000451057	0
666	0.000450355	0
667	0.000449655	0
668	0.000448958	0
669	0.000448263	0
670	0.00044757	0
671	0.000446879	0
672	0.00044619	0
673	0.000445504	0
674	0.000444819	0
675	0.000444137	0
676	0.000443457	0
677	0.000442778	0
678	0.000442102	0
679	0.000441428	0
680	0.000440756	0
681	0.000440086	0
682	0.000439418	0
683	0.000438752	0
684	0.000438088	0
685	0.000437427	0
686	0.000436767	0
687	0.000436109	0
688	0.000435453	0
689	0.000434799	0
690	0.000434147	0
691	0.000433497	0
692	0.000432849	0
693	0.000432203	0
694	0.000431559	0
695	0.000430917	0
696	0.000430276	0
697	0.000429638	0
698	0.000429001	0
699	0.000428367	0
700	0.000427734	0
701	0.000427103	0
702	0.000426474	0
703	0.000425847	0
704	0.000425222	0
705	0.000424598	0
706	0.000423977	0
707	0.000423357	0
708	0.000422739	0
709	0.000422122	0
710	0.000421508	0
711	0.000420895	0
712	0.000420285	0
713	0.000419676	0
714	0.000419068	0
715	0.000418463	0
716	0.000417859	0
717	0.000417257	0
718	0.000416657	0
719	0.000416058	0
720	0.000415461	0
721	0.000414866	0
722	0.000414273	0
723	0.000413681	0
724	0.000413091	0
725	0.000412503	0
726	0.000411916	0
727	0.000411331	0
728	0.000410748	0
729	0.000410166	0
730	0.000409586	0
731	0.000409008	0
732	0.000408431	0
733	0.000407856	0
734	0.000407282	0
735	0.00040671	0
736	0.00040614	0
737	0.000405571	0
738	0.000405004	0
739	0.000404439	0
740	0.000403875	0
741	0.000403313	0
742	0.000402752	0
743	0.000402193	0
744	0.000401635	0
745	0.000401079	0
746	0.000400524	0
747	0.000399971	0
748	0.00039942	0
749	0.00039887	0
750	0.000398321	0
751	0.000397775	0
752	0.000397229	0
753	0.000396685	0
754	0.000396143	0
755	0.000395602	0
756	0.000395062	0
757	0.000394524	0
758	0.000393988	0
759	0.000393453	0
760	0.000392919	0
761	0.000392387	0
762	0.000391856	0
763	0.000391327	0
764	0.000390799	0
765	0.000390273	0
766	0.000389748	0
767	0.000389224	0
768	0.000388702	0
769	0.000388181	0
770	0.000387662	0
771	0.000387144	0
772	0.000386627	0
773	0.000386112	0
774	0.000385598	0
775	0.000385085	0
776	0.000384574	0
777	0.000384065	0
778	0.000383556	0
779	0.000383049	0
780	0.000382543	0
781	0.000382039	0
782	0.000381536	0
783	0.000381034	0
784	0.000380534	0
785	0.000380035	0
786	0.000379537	0
787	0.000379041	0
788	0.000378545	0
789	0.000378052	0
790	0.000377559	0
791	0.000377068	0
792	0.000376578	0
793	0.000376089	0
794	0.000375601	0
795	0.000375115	0
796	0.00037463	0
797	0.000374147	0
798	0.000373664	0
799	0.000373183	0
800	0.000372703	0
801	0.000372224	0
802	0.000371747	0
803	0.000371271	0
804	0.000370796	0
805	0.000370322	0
806	0.000369849	0
807	0.000369378	0
808	0.000368908	0
809	0.000368439	0
810	0.000367971	0
811	0.000367504	0
812	0.000367039	0
813	0.000366575	0
814	0.000366112	0
815	0.00036565	0
816	0.000365189	0
817	0.000364729	0
818	0.000364271	0
819	0.000363814	0
820	0.000363358	0
821	0.000362903	0
822	0.000362449	0
823	0.000361996	0
824	0.000361545	0
825	0.000361094	0
826	0.000360645	0
827	0.000360197	0
828	0.00035975	0
829	0.000359304	0
830	0.000358859	0
831	0.000358415	0
832	0.000357973	0
833	0.000357531	0
834	0.000357091	0
835	0.000356651	0
836	0.000356213	0
837	0.000355776	0
838	0.00035534	0
839	0.000354905	0
840	0.000354471	0
841	0.000354038	0
842	0.000353606	0
843	0.000353175	0
844	0.000352745	0
845	0.000352317	0
846	0.000351889	0
847	0.000351462	0
848	0.000351037	0
849	0.000350612	0
850	0.000350189	0
851	0.000349766	0
852	0.000349345	0
853	0.000348924	0
854	0.000348505	0
855	0.000348086	0
856	0.000347669	0
857	0.000347253	0
858	0.000346837	0
859	0.000346423	0
860	0.000346009	0
861	0.000345597	0
862	0.000345185	0
863	0.000344775	0
864	0.000344365	0
865	0.000343957	0
866	0.000343549	0
867	0.000343143	0
868	0.000342737	0
869	0.000342332	0
870	0.000341929	0
871	0.000341526	0
872	0.000341124	0
873	0.000340723	0
874	0.000340323	0
875	0.000339924	0
876	0.000339526	0
877	0.000339129	0
878	0.000338733	0
879	0.000338338	0
880	0.000337943	0
881	0.00033755	0
882	0.000337158	0
883	0.000336766	0
884	0.000336375	0
885	0.000335986	0
886	0.000335597	0
887	0.000335209	0
888	0.000334822	0
889	0.000334436	0
890	0.00033405	0
891	0.000333666	0
892	0.000333282	0
893	0.0003329	0
894	0.000332518	0
895	0.000332137	0
896	0.000331757	0
897	0.000331378	0
898	0.000331	0
899	0.000330623	0
900	0.000330246	0
901	0.00032987	0
902	0.000329496	0
903	0.000329122	0
904	0.000328749	0
905	0.000328376	0
906	0.000328005	0
907	0.000327634	0
908	0.000327265	0
909	0.000326896	0
910	0.000326528	0
911	0.000326161	0
912	0.000325794	0
913	0.000325429	0
914	0.000325064	0
915	0.0003247	0
916	0.000324337	0
917	0.000323975	0
918	0.000323613	0
919	0.000323252	0
920	0.000322893	0
921	0.000322534	0
922	0.000322175	0
923	0.000321818	0
924	0.000321461	0
925	0.000321105	0
926	0.00032075	0
927	0.000320396	0
928	0.000320042	0
929	0.00031969	0
930	0.000319338	0
931	0.000318986	0
932	0.000318636	0
933	0.000318286	0
934	0.000317938	0
935	0.000317589	0
936	0.000317242	0
937	0.000316895	0
938	0.00031655	0
939	0.000316205	0
940	0.00031586	0
941	0.000315517	0
942	0.000315174	0
943	0.000314832	0
944	0.000314491	0
945	0.00031415	0
946	0.00031381	0
947	0.000313471	0
948	0.000313133	0
949	0.000312795	0
950	0.000312458	0
951	0.000312122	0
952	0.000311786	0
953	0.000311452	0
954	0.000311118	0
955	0.000310784	0
956	0.000310452	0
957	0.00031012	0
958	0.000309789	0
959	0.000309458	0
960	0.000309129	0
961	0.0003088	0
962	0.000308471	0
963	0.000308144	0
964	0.000307817	0
965	0.00030749	0
966	0.000307165	0
967	0.00030684	0
968	0.000306516	0
969	0.000306192	0
970	0.00030587	0
971	0.000305547	0
972	0.000305226	0
973	0.000304905	0
974	0.000304585	0
975	0.000304266	0
976	0.000303947	0
977	0.000303629	0
978	0.000303311	0
979	0.000302995	0
980	0.000302679	0
981	0.000302363	0
982	0.000302048	0
983	0.000301734	0
984	0.000301421	0
985	0.000301108	0
986	0.000300796	0
987	0.000300484	0
988	0.000300174	0
989	0.000299863	0
990	0.000299554	0
991	0.000299245	0
992	0.000298937	0
993	0.000298629	0
994	0.000298322	0
995	0.000298016	0
996	0.00029771	0
997	0.000297405	0
998	0.0002971	0
999	0.000296796	0
1000	0.000296493	0