Iteration	 Training error	 Validation error 
1	0.259188	0
2	0.231162	0
3	0.221261	0
4	0.213355	0
5	0.207915	0
6	0.204384	0
7	0.201712	0
8	0.199557	0
9	0.197772	0
10	0.196259	0
11	0.194959	0
12	0.193828	0
13	0.192838	0
14	0.191968	0
15	0.1912	0
16	0.190522	0
17	0.18992	0
18	0.189384	0
19	0.188905	0
20	0.188474	0
21	0.188085	0
22	0.187731	0
23	0.187409	0
24	0.187113	0
25	0.186841	0
26	0.186589	0
27	0.186355	0
28	0.186136	0
29	0.185931	0
30	0.185738	0
31	0.185555	0
32	0.185382	0
33	0.185218	0
34	0.185061	0
35	0.18491	0
36	0.184766	0
37	0.184627	0
38	0.184493	0
39	0.184363	0
40	0.184237	0
41	0.184114	0
42	0.183995	0
43	0.183879	0
44	0.183765	0
45	0.183654	0
46	0.183546	0
47	0.183439	0
48	0.183335	0
49	0.183233	0
50	0.183133	0
51	0.183035	0
52	0.182938	0
53	0.182844	0
54	0.182751	0
55	0.18266	0
56	0.182571	0
57	0.182484	0
58	0.182398	0
59	0.182314	0
60	0.182232	0
61	0.182152	0
62	0.182073	0
63	0.181996	0
64	0.18192	0
65	0.181846	0
66	0.181774	0
67	0.181704	0
68	0.181634	0
69	0.181567	0
70	0.181501	0
71	0.181436	0
72	0.181373	0
73	0.181311	0
74	0.181251	0
75	0.181192	0
76	0.181134	0
77	0.181078	0
78	0.181023	0
79	0.180969	0
80	0.180917	0
81	0.180865	0
82	0.180815	0
83	0.180766	0
84	0.180718	0
85	0.180671	0
86	0.180626	0
87	0.180581	0
88	0.180537	0
89	0.180494	0
90	0.180452	0
91	0.180412	0
92	0.180372	0
93	0.180332	0
94	0.180294	0
95	0.180257	0
96	0.18022	0
97	0.180184	0
98	0.180149	0
99	0.180115	0
100	0.180081	0
101	0.180048	0
102	0.180016	0
103	0.179985	0
104	0.179954	0
105	0.179924	0
106	0.179894	0
107	0.179865	0
108	0.179837	0
109	0.179809	0
110	0.179782	0
111	0.179755	0
112	0.179729	0
113	0.179703	0
114	0.179678	0
115	0.179653	0
116	0.179629	0
117	0.179605	0
118	0.179582	0
119	0.179559	0
120	0.179536	0
121	0.179514	0
122	0.179493	0
123	0.179471	0
124	0.179451	0
125	0.17943	0
126	0.17941	0
127	0.17939	0
128	0.179371	0
129	0.179352	0
130	0.179333	0
131	0.179315	0
132	0.179296	0
133	0.179279	0
134	0.179261	0
135	0.179244	0
136	0.179227	0
137	0.179211	0
138	0.179194	0
139	0.179178	0
140	0.179162	0
141	0.179147	0
142	0.179131	0
143	0.179116	0
144	0.179102	0
145	0.179087	0
146	0.179073	0
147	0.179059	0
148	0.179045	0
149	0.179031	0
150	0.179017	0
151	0.179004	0
152	0.178991	0
153	0.178978	0
154	0.178965	0
155	0.178953	0
156	0.178941	0
157	0.178928	0
158	0.178916	0
159	0.178905	0
160	0.178893	0
161	0.178882	0
162	0.17887	0
163	0.178859	0
164	0.178848	0
165	0.178837	0
166	0.178827	0
167	0.178816	0
168	0.178806	0
169	0.178795	0
170	0.178785	0
171	0.178775	0
172	0.178765	0
173	0.178756	0
174	0.178746	0
175	0.178737	0
176	0.178727	0
177	0.178718	0
178	0.178709	0
179	0.1787	0
180	0.178691	0
181	0.178682	0
182	0.178673	0
183	0.178665	0
184	0.178656	0
185	0.178648	0
186	0.17864	0
187	0.178632	0
188	0.178624	0
189	0.178616	0
190	0.178608	0
191	0.1786	0
192	0.178592	0
193	0.178585	0
194	0.178577	0
195	0.17857	0
196	0.178563	0
197	0.178555	0
198	0.178548	0
199	0.178541	0
200	0.178534	0
201	0.178527	0
202	0.17852	0
203	0.178514	0
204	0.178507	0
205	0.1785	0
206	0.178494	0
207	0.178487	0
208	0.178481	0
209	0.178475	0
210	0.178468	0
211	0.178462	0
212	0.178456	0
213	0.17845	0
214	0.178444	0
215	0.178438	0
216	0.178432	0
217	0.178426	0
218	0.178421	0
219	0.178415	0
220	0.178409	0
221	0.178404	0
222	0.178398	0
223	0.178393	0
224	0.178387	0
225	0.178382	0
226	0.178377	0
227	0.178371	0
228	0.178366	0
229	0.178361	0
230	0.178356	0
231	0.178351	0
232	0.178346	0
233	0.178341	0
234	0.178336	0
235	0.178331	0
236	0.178326	0
237	0.178321	0
238	0.178317	0
239	0.178312	0
240	0.178307	0
241	0.178303	0
242	0.178298	0
243	0.178294	0
244	0.178289	0
245	0.178285	0
246	0.17828	0
247	0.178276	0
248	0.178272	0
249	0.178267	0
250	0.178263	0
251	0.178259	0
252	0.178255	0
253	0.178251	0
254	0.178247	0
255	0.178243	0
256	0.178238	0
257	0.178235	0
258	0.178231	0
259	0.178227	0
260	0.178223	0
261	0.178219	0
262	0.178215	0
263	0.178211	0
264	0.178207	0
265	0.178204	0
266	0.1782	0
267	0.178196	0
268	0.178193	0
269	0.178189	0
270	0.178186	0
271	0.178182	0
272	0.178178	0
273	0.178175	0
274	0.178172	0
275	0.178168	0
276	0.178165	0
277	0.178161	0
278	0.178158	0
279	0.178155	0
280	0.178151	0
281	0.178148	0
282	0.178145	0
283	0.178141	0
284	0.178138	0
285	0.178135	0
286	0.178132	0
287	0.178129	0
288	0.178126	0
289	0.178123	0
290	0.17812	0
291	0.178116	0
292	0.178113	0
293	0.17811	0
294	0.178107	0
295	0.178105	0
296	0.178102	0
297	0.178099	0
298	0.178096	0
299	0.178093	0
300	0.17809	0
301	0.178087	0
302	0.178084	0
303	0.178082	0
304	0.178079	0
305	0.178076	0
306	0.178073	0
307	0.178071	0
308	0.178068	0
309	0.178065	0
310	0.178063	0
311	0.17806	0
312	0.178057	0
313	0.178055	0
314	0.178052	0
315	0.17805	0
316	0.178047	0
317	0.178045	0
318	0.178042	0
319	0.17804	0
320	0.178037	0
321	0.178035	0
322	0.178032	0
323	0.17803	0
324	0.178027	0
325	0.178025	0
326	0.178022	0
327	0.17802	0
328	0.178018	0
329	0.178015	0
330	0.178013	0
331	0.178011	0
332	0.178008	0
333	0.178006	0
334	0.178004	0
335	0.178002	0
336	0.177999	0
337	0.177997	0
338	0.177995	0
339	0.177993	0
340	0.177991	0
341	0.177988	0
342	0.177986	0
343	0.177984	0
344	0.177982	0
345	0.17798	0
346	0.177978	0
347	0.177976	0
348	0.177974	0
349	0.177971	0
350	0.177969	0
351	0.177967	0
352	0.177965	0
353	0.177963	0
354	0.177961	0
355	0.177959	0
356	0.177957	0
357	0.177955	0
358	0.177953	0
359	0.177951	0
360	0.177949	0
361	0.177948	0
362	0.177946	0
363	0.177944	0
364	0.177942	0
365	0.17794	0
366	0.177938	0
367	0.177936	0
368	0.177934	0
369	0.177932	0
370	0.177931	0
371	0.177929	0
372	0.177927	0
373	0.177925	0
374	0.177923	0
375	0.177922	0
376	0.17792	0
377	0.177918	0
378	0.177916	0
379	0.177915	0
380	0.177913	0
381	0.177911	0
382	0.177909	0
383	0.177908	0
384	0.177906	0
385	0.177904	0
386	0.177903	0
387	0.177901	0
388	0.177899	0
389	0.177898	0
390	0.177896	0
391	0.177894	0
392	0.177893	0
393	0.177891	0
394	0.177889	0
395	0.177888	0
396	0.177886	0
397	0.177885	0
398	0.177883	0
399	0.177881	0
400	0.17788	0
401	0.177878	0
402	0.177877	0
403	0.177875	0
404	0.177874	0
405	0.177872	0
406	0.17787	0
407	0.177869	0
408	0.177867	0
409	0.177866	0
410	0.177864	0
411	0.177863	0
412	0.177861	0
413	0.17786	0
414	0.177859	0
415	0.177857	0
416	0.177856	0
417	0.177854	0
418	0.177853	0
419	0.177851	0
420	0.17785	0
421	0.177848	0
422	0.177847	0
423	0.177846	0
424	0.177844	0
425	0.177843	0
426	0.177841	0
427	0.17784	0
428	0.177839	0
429	0.177837	0
430	0.177836	0
431	0.177834	0
432	0.177833	0
433	0.177832	0
434	0.17783	0
435	0.177829	0
436	0.177828	0
437	0.177826	0
438	0.177825	0
439	0.177824	0
440	0.177822	0
441	0.177821	0
442	0.17782	0
443	0.177819	0
444	0.177817	0
445	0.177816	0
446	0.177815	0
447	0.177813	0
448	0.177812	0
449	0.177811	0
450	0.17781	0
451	0.177808	0
452	0.177807	0
453	0.177806	0
454	0.177805	0
455	0.177803	0
456	0.177802	0
457	0.177801	0
458	0.1778	0
459	0.177798	0
460	0.177797	0
461	0.177796	0
462	0.177795	0
463	0.177794	0
464	0.177792	0
465	0.177791	0
466	0.17779	0
467	0.177789	0
468	0.177788	0
469	0.177786	0
470	0.177785	0
471	0.177784	0
472	0.177783	0
473	0.177782	0
474	0.177781	0
475	0.177779	0
476	0.177778	0
477	0.177777	0
478	0.177776	0
479	0.177775	0
480	0.177774	0
481	0.177773	0
482	0.177771	0
483	0.17777	0
484	0.177769	0
485	0.177768	0
486	0.177767	0
487	0.177766	0
488	0.177765	0
489	0.177764	0
490	0.177763	0
491	0.177761	0
492	0.17776	0
493	0.177759	0
494	0.177758	0
495	0.177757	0
496	0.177756	0
497	0.177755	0
498	0.177754	0
499	0.177753	0
500	0.177752	0
501	0.177751	0
502	0.17775	0
503	0.177749	0
504	0.177748	0
505	0.177746	0
506	0.177745	0
507	0.177744	0
508	0.177743	0
509	0.177742	0
510	0.177741	0
511	0.17774	0
512	0.177739	0
513	0.177738	0
514	0.177737	0
515	0.177736	0
516	0.177735	0
517	0.177734	0
518	0.177733	0
519	0.177732	0
520	0.177731	0
521	0.17773	0
522	0.177729	0
523	0.177728	0
524	0.177727	0
525	0.177726	0
526	0.177725	0
527	0.177724	0
528	0.177723	0
529	0.177722	0
530	0.177721	0
531	0.17772	0
532	0.177719	0
533	0.177718	0
534	0.177717	0
535	0.177716	0
536	0.177715	0
537	0.177714	0
538	0.177713	0
539	0.177712	0
540	0.177711	0
541	0.17771	0
542	0.177709	0
543	0.177708	0
544	0.177707	0
545	0.177706	0
546	0.177705	0
547	0.177705	0
548	0.177704	0
549	0.177703	0
550	0.177702	0
551	0.177701	0
552	0.1777	0
553	0.177699	0
554	0.177698	0
555	0.177697	0
556	0.177696	0
557	0.177695	0
558	0.177694	0
559	0.177693	0
560	0.177692	0
561	0.177691	0
562	0.17769	0
563	0.177689	0
564	0.177688	0
565	0.177688	0
566	0.177687	0
567	0.177686	0
568	0.177685	0
569	0.177684	0
570	0.177683	0
571	0.177682	0
572	0.177681	0
573	0.17768	0
574	0.177679	0
575	0.177678	0
576	0.177677	0
577	0.177676	0
578	0.177675	0
579	0.177675	0
580	0.177674	0
581	0.177673	0
582	0.177672	0
583	0.177671	0
584	0.17767	0
585	0.177669	0
586	0.177668	0
587	0.177667	0
588	0.177666	0
589	0.177665	0
590	0.177664	0
591	0.177663	0
592	0.177663	0
593	0.177662	0
594	0.177661	0
595	0.17766	0
596	0.177659	0
597	0.177658	0
598	0.177657	0
599	0.177656	0
600	0.177655	0
601	0.177654	0
602	0.177653	0
603	0.177652	0
604	0.177651	0
605	0.177651	0
606	0.17765	0
607	0.177649	0
608	0.177648	0
609	0.177647	0
610	0.177646	0
611	0.177645	0
612	0.177644	0
613	0.177643	0
614	0.177642	0
615	0.177641	0
616	0.17764	0
617	0.177639	0
618	0.177638	0
619	0.177638	0
620	0.177637	0
621	0.177636	0
622	0.177635	0
623	0.177634	0
624	0.177633	0
625	0.177632	0
626	0.177631	0
627	0.17763	0
628	0.177629	0
629	0.177628	0
630	0.177627	0
631	0.177626	0
632	0.177625	0
633	0.177624	0
634	0.177623	0
635	0.177622	0
636	0.177621	0
637	0.17762	0
638	0.177619	0
639	0.177618	0
640	0.177617	0
641	0.177616	0
642	0.177615	0
643	0.177614	0
644	0.177613	0
645	0.177612	0
646	0.177611	0
647	0.17761	0
648	0.177609	0
649	0.177608	0
650	0.177607	0
651	0.177606	0
652	0.177605	0
653	0.177604	0
654	0.177603	0
655	0.177602	0
656	0.177601	0
657	0.1776	0
658	0.177599	0
659	0.177598	0
660	0.177597	0
661	0.177596	0
662	0.177595	0
663	0.177594	0
664	0.177593	0
665	0.177592	0
666	0.177591	0
667	0.177589	0
668	0.177588	0
669	0.177587	0
670	0.177586	0
671	0.177585	0
672	0.177584	0
673	0.177583	0
674	0.177582	0
675	0.17758	0
676	0.177579	0
677	0.177578	0
678	0.177577	0
679	0.177576	0
680	0.177575	0
681	0.177573	0
682	0.177572	0
683	0.177571	0
684	0.17757	0
685	0.177569	0
686	0.177567	0
687	0.177566	0
688	0.177565	0
689	0.177564	0
690	0.177562	0
691	0.177561	0
692	0.17756	0
693	0.177558	0
694	0.177557	0
695	0.177556	0
696	0.177554	0
697	0.177553	0
698	0.177552	0
699	0.17755	0
700	0.177549	0
701	0.177547	0
702	0.177546	0
703	0.177545	0
704	0.177543	0
705	0.177542	0
706	0.17754	0
707	0.177539	0
708	0.177537	0
709	0.177536	0
710	0.177534	0
711	0.177532	0
712	0.177531	0
713	0.177529	0
714	0.177528	0
715	0.177526	0
716	0.177524	0
717	0.177523	0
718	0.177521	0
719	0.177519	0
720	0.177517	0
721	0.177516	0
722	0.177514	0
723	0.177512	0
724	0.17751	0
725	0.177508	0
726	0.177506	0
727	0.177504	0
728	0.177502	0
729	0.1775	0
730	0.177498	0
731	0.177496	0
732	0.177494	0
733	0.177492	0
734	0.17749	0
735	0.177488	0
736	0.177485	0
737	0.177483	0
738	0.177481	0
739	0.177478	0
740	0.177476	0
741	0.177473	0
742	0.177471	0
743	0.177468	0
744	0.177466	0
745	0.177463	0
746	0.17746	0
747	0.177457	0
748	0.177455	0
749	0.177452	0
750	0.177449	0
751	0.177446	0
752	0.177443	0
753	0.177439	0
754	0.177436	0
755	0.177433	0
756	0.17743	0
757	0.177426	0
758	0.177423	0
759	0.177419	0
760	0.177415	0
761	0.177411	0
762	0.177407	0
763	0.177403	0
764	0.177399	0
765	0.177395	0
766	0.177391	0
767	0.177386	0
768	0.177382	0
769	0.177377	0
770	0.177372	0
771	0.177367	0
772	0.177362	0
773	0.177356	0
774	0.177351	0
775	0.177345	0
776	0.177339	0
777	0.177333	0
778	0.177327	0
779	0.177321	0
780	0.177314	0
781	0.177307	0
782	0.1773	0
783	0.177293	0
784	0.177285	0
785	0.177277	0
786	0.177269	0
787	0.177261	0
788	0.177252	0
789	0.177243	0
790	0.177234	0
791	0.177224	0
792	0.177214	0
793	0.177204	0
794	0.177193	0
795	0.177182	0
796	0.17717	0
797	0.177158	0
798	0.177146	0
799	0.177133	0
800	0.177119	0
801	0.177105	0
802	0.177091	0
803	0.177076	0
804	0.177061	0
805	0.177045	0
806	0.177028	0
807	0.177011	0
808	0.176993	0
809	0.176975	0
810	0.176957	0
811	0.176937	0
812	0.176918	0
813	0.176897	0
814	0.176877	0
815	0.176856	0
816	0.176834	0
817	0.176812	0
818	0.17679	0
819	0.176767	0
820	0.176745	0
821	0.176722	0
822	0.176699	0
823	0.176676	0
824	0.176653	0
825	0.17663	0
826	0.176607	0
827	0.176584	0
828	0.176562	0
829	0.17654	0
830	0.176519	0
831	0.176498	0
832	0.176477	0
833	0.176457	0
834	0.176437	0
835	0.176418	0
836	0.176399	0
837	0.176381	0
838	0.176364	0
839	0.176347	0
840	0.17633	0
841	0.176314	0
842	0.176298	0
843	0.176283	0
844	0.176269	0
845	0.176254	0
846	0.17624	0
847	0.176227	0
848	0.176214	0
849	0.176201	0
850	0.176189	0
851	0.176176	0
852	0.176165	0
853	0.176153	0
854	0.176142	0
855	0.176131	0
856	0.17612	0
857	0.176109	0
858	0.176099	0
859	0.176089	0
860	0.176079	0
861	0.176069	0
862	0.176059	0
863	0.17605	0
864	0.176041	0
865	0.176032	0
866	0.176023	0
867	0.176014	0
868	0.176005	0
869	0.175997	0
870	0.175988	0
871	0.17598	0
872	0.175972	0
873	0.175964	0
874	0.175956	0
875	0.175948	0
876	0.17594	0
877	0.175933	0
878	0.175925	0
879	0.175918	0
880	0.175911	0
881	0.175904	0
882	0.175897	0
883	0.17589	0
884	0.175883	0
885	0.175876	0
886	0.175869	0
887	0.175863	0
888	0.175856	0
889	0.17585	0
890	0.175844	0
891	0.175837	0
892	0.175831	0
893	0.175825	0
894	0.175819	0
895	0.175813	0
896	0.175807	0
897	0.175802	0
898	0.175796	0
899	0.17579	0
900	0.175785	0
901	0.175779	0
902	0.175774	0
903	0.175768	0
904	0.175763	0
905	0.175758	0
906	0.175752	0
907	0.175747	0
908	0.175742	0
909	0.175737	0
910	0.175732	0
911	0.175727	0
912	0.175722	0
913	0.175718	0
914	0.175713	0
915	0.175708	0
916	0.175703	0
917	0.175699	0
918	0.175694	0
919	0.17569	0
920	0.175685	0
921	0.175681	0
922	0.175677	0
923	0.175672	0
924	0.175668	0
925	0.175664	0
926	0.17566	0
927	0.175655	0
928	0.175651	0
929	0.175647	0
930	0.175643	0
931	0.175639	0
932	0.175635	0
933	0.175631	0
934	0.175628	0
935	0.175624	0
936	0.17562	0
937	0.175616	0
938	0.175612	0
939	0.175609	0
940	0.175605	0
941	0.175602	0
942	0.175598	0
943	0.175594	0
944	0.175591	0
945	0.175587	0
946	0.175584	0
947	0.175581	0
948	0.175577	0
949	0.175574	0
950	0.17557	0
951	0.175567	0
952	0.175564	0
953	0.175561	0
954	0.175557	0
955	0.175554	0
956	0.175551	0
957	0.175548	0
958	0.175545	0
959	0.175542	0
960	0.175539	0
961	0.175536	0
962	0.175533	0
963	0.17553	0
964	0.175527	0
965	0.175524	0
966	0.175521	0
967	0.175518	0
968	0.175515	0
969	0.175512	0
970	0.17551	0
971	0.175507	0
972	0.175504	0
973	0.175501	0
974	0.175498	0
975	0.175496	0
976	0.175493	0
977	0.17549	0
978	0.175488	0
979	0.175485	0
980	0.175483	0
981	0.17548	0
982	0.175477	0
983	0.175475	0
984	0.175472	0
985	0.17547	0
986	0.175467	0
987	0.175465	0
988	0.175462	0
989	0.17546	0
990	0.175458	0
991	0.175455	0
992	0.175453	0
993	0.17545	0
994	0.175448	0
995	0.175446	0
996	0.175444	0
997	0.175441	0
998	0.175439	0
999	0.175437	0
1000	0.175434	0
1 -- 0.49999 0 -- 0.50001 
1 -- 0.499967 0 -- 0.500033 
1 -- 0.49982 0 -- 0.50018 
1 -- 0.499925 0 -- 0.500075 
1 -- 0.499943 0 -- 0.500057 
1 -- 0.499981 0 -- 0.500019 
1 -- 0.499986 0 -- 0.500014 
1 -- 0.498665 0 -- 0.501335 
1 -- 0.499676 0 -- 0.500324 
1 -- 0.498134 0 -- 0.501866 
1 -- 0.499678 0 -- 0.500322 
1 -- 0.499724 0 -- 0.500276 
1 -- 0.49998 0 -- 0.50002 
1 -- 0.49955 0 -- 0.50045 
1 -- 0.498875 0 -- 0.501125 
1 -- 0.499923 0 -- 0.500077 
1 -- 0.497167 0 -- 0.502833 
1 -- 0.499873 0 -- 0.500127 
1 -- 0.497009 0 -- 0.502991 
1 -- 0.498287 0 -- 0.501713 
1 -- 0.49865 0 -- 0.50135 
1 -- 0.493107 0 -- 0.506893 
0 -- 0.498604 1 -- 0.501396 
0 -- 0.000238779 1 -- 0.999761 
0 -- 0.000147786 1 -- 0.999852 
0 -- 0.000147782 1 -- 0.999852 
0 -- 0.000147855 1 -- 0.999852 
0 -- 0.00014782 1 -- 0.999852 
0 -- 0.000147812 1 -- 0.999852 
0 -- 0.000147882 1 -- 0.999852 
0 -- 0.000147882 1 -- 0.999852 
0 -- 0.000147833 1 -- 0.999852 
0 -- 0.000147882 1 -- 0.999852 
0 -- 0.000147871 1 -- 0.999852 
0 -- 0.00014809 1 -- 0.999852 
0 -- 0.000148432 1 -- 0.999852 
0 -- 0.000148011 1 -- 0.999852 
0 -- 0.000148011 1 -- 0.999852 
0 -- 0.000148552 1 -- 0.999851 
0 -- 0.000149932 1 -- 0.99985 
0 -- 0.000150313 1 -- 0.99985 
0 -- 0.000158688 1 -- 0.999841 
0 -- 0.00014781 1 -- 0.999852 
We end!! => Final test CCR: 48.8372
Iteration	 Training error	 Validation error 
1	0.350928	0
2	0.251523	0
3	0.236032	0
4	0.225219	0
5	0.21518	0
6	0.211339	0
7	0.208265	0
8	0.205531	0
9	0.203226	0
10	0.201023	0
11	0.198544	0
12	0.195225	0
13	0.189955	0
14	0.180471	0
15	0.163084	0
16	0.136453	0
17	0.10904	0
18	0.0906112	0
19	0.0807412	0
20	0.0753047	0
21	0.0717943	0
22	0.0691732	0
23	0.0670374	0
24	0.0652115	0
25	0.0636081	0
26	0.062178	0
27	0.0608908	0
28	0.0597268	0
29	0.0586715	0
30	0.0577143	0
31	0.056846	0
32	0.0560582	0
33	0.0553428	0
34	0.0546913	0
35	0.0540953	0
36	0.053546	0
37	0.0530351	0
38	0.052554	0
39	0.0520944	0
40	0.0516478	0
41	0.0512052	0
42	0.050757	0
43	0.0502918	0
44	0.0497958	0
45	0.0492514	0
46	0.048635	0
47	0.0479144	0
48	0.0470453	0
49	0.0459675	0
50	0.0446059	0
51	0.0428901	0
52	0.0408189	0
53	0.038579	0
54	0.0365696	0
55	0.0350965	0
56	0.0340423	0
57	0.0331144	0
58	0.0322274	0
59	0.0314062	0
60	0.030644	0
61	0.0299268	0
62	0.0292467	0
63	0.0285952	0
64	0.027963	0
65	0.027341	0
66	0.0267197	0
67	0.0260889	0
68	0.0254382	0
69	0.0247568	0
70	0.0240344	0
71	0.0232625	0
72	0.022437	0
73	0.0215609	0
74	0.0206471	0
75	0.0197182	0
76	0.018802	0
77	0.017925	0
78	0.0171067	0
79	0.0163575	0
80	0.0156797	0
81	0.0150697	0
82	0.0145208	0
83	0.0140255	0
84	0.0135765	0
85	0.0131672	0
86	0.012792	0
87	0.0124459	0
88	0.0121252	0
89	0.0118265	0
90	0.011547	0
91	0.0112846	0
92	0.0110372	0
93	0.0108034	0
94	0.0105817	0
95	0.0103709	0
96	0.0101701	0
97	0.00997847	0
98	0.00979517	0
99	0.00961957	0
100	0.0094511	0
101	0.00928923	0
102	0.00913351	0
103	0.00898352	0
104	0.0088389	0
105	0.00869931	0
106	0.00856445	0
107	0.00843404	0
108	0.00830783	0
109	0.00818558	0
110	0.00806709	0
111	0.00795216	0
112	0.00784061	0
113	0.00773227	0
114	0.00762698	0
115	0.0075246	0
116	0.007425	0
117	0.00732805	0
118	0.00723363	0
119	0.00714162	0
120	0.00705194	0
121	0.00696448	0
122	0.00687914	0
123	0.00679585	0
124	0.00671451	0
125	0.00663506	0
126	0.00655743	0
127	0.00648153	0
128	0.00640732	0
129	0.00633471	0
130	0.00626367	0
131	0.00619413	0
132	0.00612604	0
133	0.00605934	0
134	0.005994	0
135	0.00592996	0
136	0.00586719	0
137	0.00580563	0
138	0.00574526	0
139	0.00568603	0
140	0.00562791	0
141	0.00557087	0
142	0.00551486	0
143	0.00545986	0
144	0.00540584	0
145	0.00535277	0
146	0.00530063	0
147	0.00524938	0
148	0.00519899	0
149	0.00514946	0
150	0.00510075	0
151	0.00505284	0
152	0.0050057	0
153	0.00495933	0
154	0.00491369	0
155	0.00486878	0
156	0.00482456	0
157	0.00478103	0
158	0.00473816	0
159	0.00469594	0
160	0.00465436	0
161	0.0046134	0
162	0.00457304	0
163	0.00453328	0
164	0.00449409	0
165	0.00445547	0
166	0.0044174	0
167	0.00437987	0
168	0.00434287	0
169	0.00430639	0
170	0.00427041	0
171	0.00423493	0
172	0.00419994	0
173	0.00416543	0
174	0.00413139	0
175	0.00409781	0
176	0.00406467	0
177	0.00403199	0
178	0.00399973	0
179	0.00396791	0
180	0.0039365	0
181	0.00390551	0
182	0.00387493	0
183	0.00384474	0
184	0.00381495	0
185	0.00378554	0
186	0.00375652	0
187	0.00372787	0
188	0.00369959	0
189	0.00367167	0
190	0.00364411	0
191	0.0036169	0
192	0.00359005	0
193	0.00356353	0
194	0.00353736	0
195	0.00351152	0
196	0.003486	0
197	0.00346081	0
198	0.00343594	0
199	0.00341139	0
200	0.00338715	0
201	0.00336321	0
202	0.00333958	0
203	0.00331625	0
204	0.00329321	0
205	0.00327046	0
206	0.003248	0
207	0.00322583	0
208	0.00320393	0
209	0.00318231	0
210	0.00316096	0
211	0.00313987	0
212	0.00311906	0
213	0.0030985	0
214	0.0030782	0
215	0.00305816	0
216	0.00303836	0
217	0.00301882	0
218	0.00299951	0
219	0.00298045	0
220	0.00296162	0
221	0.00294303	0
222	0.00292466	0
223	0.00290653	0
224	0.00288861	0
225	0.00287092	0
226	0.00285344	0
227	0.00283618	0
228	0.00281913	0
229	0.00280228	0
230	0.00278564	0
231	0.0027692	0
232	0.00275296	0
233	0.00273691	0
234	0.00272105	0
235	0.00270539	0
236	0.00268991	0
237	0.00267461	0
238	0.0026595	0
239	0.00264456	0
240	0.0026298	0
241	0.00261521	0
242	0.00260079	0
243	0.00258654	0
244	0.00257246	0
245	0.00255853	0
246	0.00254476	0
247	0.00253116	0
248	0.0025177	0
249	0.0025044	0
250	0.00249125	0
251	0.00247824	0
252	0.00246538	0
253	0.00245267	0
254	0.00244009	0
255	0.00242766	0
256	0.00241536	0
257	0.00240319	0
258	0.00239116	0
259	0.00237925	0
260	0.00236748	0
261	0.00235583	0
262	0.0023443	0
263	0.0023329	0
264	0.00232162	0
265	0.00231046	0
266	0.00229941	0
267	0.00228848	0
268	0.00227766	0
269	0.00226696	0
270	0.00225636	0
271	0.00224587	0
272	0.00223549	0
273	0.00222522	0
274	0.00221505	0
275	0.00220498	0
276	0.00219501	0
277	0.00218514	0
278	0.00217537	0
279	0.00216569	0
280	0.00215611	0
281	0.00214662	0
282	0.00213723	0
283	0.00212792	0
284	0.00211871	0
285	0.00210958	0
286	0.00210054	0
287	0.00209159	0
288	0.00208272	0
289	0.00207393	0
290	0.00206523	0
291	0.00205661	0
292	0.00204807	0
293	0.0020396	0
294	0.00203122	0
295	0.00202291	0
296	0.00201468	0
297	0.00200652	0
298	0.00199843	0
299	0.00199042	0
300	0.00198248	0
301	0.00197461	0
302	0.00196681	0
303	0.00195908	0
304	0.00195141	0
305	0.00194382	0
306	0.00193629	0
307	0.00192882	0
308	0.00192142	0
309	0.00191408	0
310	0.00190681	0
311	0.0018996	0
312	0.00189245	0
313	0.00188536	0
314	0.00187832	0
315	0.00187135	0
316	0.00186444	0
317	0.00185758	0
318	0.00185078	0
319	0.00184403	0
320	0.00183734	0
321	0.00183071	0
322	0.00182413	0
323	0.0018176	0
324	0.00181113	0
325	0.0018047	0
326	0.00179833	0
327	0.00179201	0
328	0.00178574	0
329	0.00177952	0
330	0.00177334	0
331	0.00176722	0
332	0.00176114	0
333	0.00175511	0
334	0.00174913	0
335	0.00174319	0
336	0.0017373	0
337	0.00173145	0
338	0.00172565	0
339	0.00171989	0
340	0.00171417	0
341	0.0017085	0
342	0.00170287	0
343	0.00169728	0
344	0.00169173	0
345	0.00168623	0
346	0.00168076	0
347	0.00167533	0
348	0.00166995	0
349	0.0016646	0
350	0.00165929	0
351	0.00165402	0
352	0.00164879	0
353	0.00164359	0
354	0.00163844	0
355	0.00163331	0
356	0.00162823	0
357	0.00162318	0
358	0.00161816	0
359	0.00161319	0
360	0.00160824	0
361	0.00160333	0
362	0.00159845	0
363	0.00159361	0
364	0.0015888	0
365	0.00158402	0
366	0.00157928	0
367	0.00157457	0
368	0.00156989	0
369	0.00156524	0
370	0.00156062	0
371	0.00155603	0
372	0.00155148	0
373	0.00154695	0
374	0.00154245	0
375	0.00153799	0
376	0.00153355	0
377	0.00152914	0
378	0.00152476	0
379	0.00152041	0
380	0.00151608	0
381	0.00151179	0
382	0.00150752	0
383	0.00150328	0
384	0.00149906	0
385	0.00149488	0
386	0.00149072	0
387	0.00148658	0
388	0.00148247	0
389	0.00147839	0
390	0.00147433	0
391	0.0014703	0
392	0.00146629	0
393	0.00146231	0
394	0.00145835	0
395	0.00145441	0
396	0.0014505	0
397	0.00144662	0
398	0.00144275	0
399	0.00143891	0
400	0.0014351	0
401	0.0014313	0
402	0.00142753	0
403	0.00142378	0
404	0.00142005	0
405	0.00141635	0
406	0.00141267	0
407	0.001409	0
408	0.00140536	0
409	0.00140175	0
410	0.00139815	0
411	0.00139457	0
412	0.00139102	0
413	0.00138748	0
414	0.00138396	0
415	0.00138047	0
416	0.00137699	0
417	0.00137354	0
418	0.0013701	0
419	0.00136668	0
420	0.00136329	0
421	0.00135991	0
422	0.00135655	0
423	0.00135321	0
424	0.00134988	0
425	0.00134658	0
426	0.00134329	0
427	0.00134003	0
428	0.00133678	0
429	0.00133354	0
430	0.00133033	0
431	0.00132713	0
432	0.00132395	0
433	0.00132079	0
434	0.00131764	0
435	0.00131451	0
436	0.0013114	0
437	0.00130831	0
438	0.00130523	0
439	0.00130216	0
440	0.00129912	0
441	0.00129609	0
442	0.00129307	0
443	0.00129007	0
444	0.00128709	0
445	0.00128412	0
446	0.00128117	0
447	0.00127823	0
448	0.00127531	0
449	0.0012724	0
450	0.00126951	0
451	0.00126663	0
452	0.00126377	0
453	0.00126092	0
454	0.00125808	0
455	0.00125526	0
456	0.00125246	0
457	0.00124967	0
458	0.00124689	0
459	0.00124413	0
460	0.00124138	0
461	0.00123864	0
462	0.00123592	0
463	0.00123321	0
464	0.00123051	0
465	0.00122783	0
466	0.00122516	0
467	0.0012225	0
468	0.00121986	0
469	0.00121722	0
470	0.00121461	0
471	0.001212	0
472	0.00120941	0
473	0.00120682	0
474	0.00120426	0
475	0.0012017	0
476	0.00119916	0
477	0.00119662	0
478	0.0011941	0
479	0.00119159	0
480	0.0011891	0
481	0.00118661	0
482	0.00118414	0
483	0.00118168	0
484	0.00117923	0
485	0.00117679	0
486	0.00117436	0
487	0.00117194	0
488	0.00116954	0
489	0.00116714	0
490	0.00116476	0
491	0.00116238	0
492	0.00116002	0
493	0.00115767	0
494	0.00115533	0
495	0.001153	0
496	0.00115068	0
497	0.00114837	0
498	0.00114607	0
499	0.00114378	0
500	0.0011415	0
501	0.00113923	0
502	0.00113698	0
503	0.00113473	0
504	0.00113249	0
505	0.00113026	0
506	0.00112804	0
507	0.00112583	0
508	0.00112363	0
509	0.00112144	0
510	0.00111926	0
511	0.00111709	0
512	0.00111493	0
513	0.00111277	0
514	0.00111063	0
515	0.0011085	0
516	0.00110637	0
517	0.00110425	0
518	0.00110215	0
519	0.00110005	0
520	0.00109796	0
521	0.00109588	0
522	0.00109381	0
523	0.00109174	0
524	0.00108969	0
525	0.00108764	0
526	0.00108561	0
527	0.00108358	0
528	0.00108156	0
529	0.00107954	0
530	0.00107754	0
531	0.00107554	0
532	0.00107356	0
533	0.00107158	0
534	0.00106961	0
535	0.00106764	0
536	0.00106569	0
537	0.00106374	0
538	0.0010618	0
539	0.00105987	0
540	0.00105794	0
541	0.00105603	0
542	0.00105412	0
543	0.00105222	0
544	0.00105032	0
545	0.00104844	0
546	0.00104656	0
547	0.00104469	0
548	0.00104283	0
549	0.00104097	0
550	0.00103912	0
551	0.00103728	0
552	0.00103544	0
553	0.00103362	0
554	0.0010318	0
555	0.00102998	0
556	0.00102818	0
557	0.00102638	0
558	0.00102459	0
559	0.0010228	0
560	0.00102102	0
561	0.00101925	0
562	0.00101749	0
563	0.00101573	0
564	0.00101398	0
565	0.00101223	0
566	0.00101049	0
567	0.00100876	0
568	0.00100704	0
569	0.00100532	0
570	0.00100361	0
571	0.0010019	0
572	0.0010002	0
573	0.000998508	0
574	0.000996821	0
575	0.000995141	0
576	0.000993467	0
577	0.000991799	0
578	0.000990137	0
579	0.000988481	0
580	0.000986831	0
581	0.000985188	0
582	0.00098355	0
583	0.000981919	0
584	0.000980293	0
585	0.000978673	0
586	0.000977059	0
587	0.000975451	0
588	0.000973849	0
589	0.000972252	0
590	0.000970662	0
591	0.000969077	0
592	0.000967497	0
593	0.000965924	0
594	0.000964355	0
595	0.000962793	0
596	0.000961236	0
597	0.000959684	0
598	0.000958138	0
599	0.000956598	0
600	0.000955063	0
601	0.000953533	0
602	0.000952009	0
603	0.00095049	0
604	0.000948976	0
605	0.000947468	0
606	0.000945965	0
607	0.000944467	0
608	0.000942974	0
609	0.000941486	0
610	0.000940004	0
611	0.000938526	0
612	0.000937054	0
613	0.000935587	0
614	0.000934125	0
615	0.000932667	0
616	0.000931215	0
617	0.000929768	0
618	0.000928325	0
619	0.000926888	0
620	0.000925455	0
621	0.000924027	0
622	0.000922604	0
623	0.000921186	0
624	0.000919773	0
625	0.000918364	0
626	0.00091696	0
627	0.00091556	0
628	0.000914166	0
629	0.000912776	0
630	0.00091139	0
631	0.000910009	0
632	0.000908633	0
633	0.000907261	0
634	0.000905894	0
635	0.000904531	0
636	0.000903173	0
637	0.000901819	0
638	0.00090047	0
639	0.000899125	0
640	0.000897784	0
641	0.000896448	0
642	0.000895116	0
643	0.000893788	0
644	0.000892465	0
645	0.000891146	0
646	0.000889831	0
647	0.00088852	0
648	0.000887214	0
649	0.000885911	0
650	0.000884613	0
651	0.000883319	0
652	0.000882029	0
653	0.000880744	0
654	0.000879462	0
655	0.000878184	0
656	0.000876911	0
657	0.000875641	0
658	0.000874375	0
659	0.000873114	0
660	0.000871856	0
661	0.000870602	0
662	0.000869353	0
663	0.000868107	0
664	0.000866865	0
665	0.000865626	0
666	0.000864392	0
667	0.000863161	0
668	0.000861935	0
669	0.000860712	0
670	0.000859493	0
671	0.000858277	0
672	0.000857065	0
673	0.000855857	0
674	0.000854653	0
675	0.000853452	0
676	0.000852255	0
677	0.000851062	0
678	0.000849872	0
679	0.000848686	0
680	0.000847504	0
681	0.000846325	0
682	0.000845149	0
683	0.000843977	0
684	0.000842809	0
685	0.000841644	0
686	0.000840483	0
687	0.000839325	0
688	0.000838171	0
689	0.000837019	0
690	0.000835872	0
691	0.000834728	0
692	0.000833587	0
693	0.000832449	0
694	0.000831315	0
695	0.000830185	0
696	0.000829057	0
697	0.000827933	0
698	0.000826812	0
699	0.000825695	0
700	0.000824581	0
701	0.00082347	0
702	0.000822362	0
703	0.000821257	0
704	0.000820156	0
705	0.000819058	0
706	0.000817963	0
707	0.000816871	0
708	0.000815782	0
709	0.000814697	0
710	0.000813614	0
711	0.000812535	0
712	0.000811459	0
713	0.000810386	0
714	0.000809316	0
715	0.000808249	0
716	0.000807185	0
717	0.000806124	0
718	0.000805066	0
719	0.000804011	0
720	0.000802959	0
721	0.00080191	0
722	0.000800863	0
723	0.00079982	0
724	0.00079878	0
725	0.000797743	0
726	0.000796708	0
727	0.000795677	0
728	0.000794648	0
729	0.000793623	0
730	0.0007926	0
731	0.00079158	0
732	0.000790562	0
733	0.000789548	0
734	0.000788536	0
735	0.000787528	0
736	0.000786521	0
737	0.000785518	0
738	0.000784518	0
739	0.00078352	0
740	0.000782525	0
741	0.000781533	0
742	0.000780543	0
743	0.000779556	0
744	0.000778572	0
745	0.00077759	0
746	0.000776611	0
747	0.000775635	0
748	0.000774661	0
749	0.00077369	0
750	0.000772722	0
751	0.000771756	0
752	0.000770793	0
753	0.000769832	0
754	0.000768874	0
755	0.000767919	0
756	0.000766966	0
757	0.000766016	0
758	0.000765068	0
759	0.000764122	0
760	0.00076318	0
761	0.000762239	0
762	0.000761301	0
763	0.000760366	0
764	0.000759433	0
765	0.000758503	0
766	0.000757575	0
767	0.000756649	0
768	0.000755726	0
769	0.000754805	0
770	0.000753887	0
771	0.000752971	0
772	0.000752058	0
773	0.000751147	0
774	0.000750238	0
775	0.000749331	0
776	0.000748427	0
777	0.000747526	0
778	0.000746626	0
779	0.000745729	0
780	0.000744834	0
781	0.000743942	0
782	0.000743052	0
783	0.000742164	0
784	0.000741278	0
785	0.000740395	0
786	0.000739514	0
787	0.000738635	0
788	0.000737758	0
789	0.000736884	0
790	0.000736012	0
791	0.000735142	0
792	0.000734274	0
793	0.000733408	0
794	0.000732545	0
795	0.000731684	0
796	0.000730825	0
797	0.000729968	0
798	0.000729113	0
799	0.000728261	0
800	0.00072741	0
801	0.000726562	0
802	0.000725716	0
803	0.000724871	0
804	0.000724029	0
805	0.00072319	0
806	0.000722352	0
807	0.000721516	0
808	0.000720682	0
809	0.000719851	0
810	0.000719021	0
811	0.000718194	0
812	0.000717368	0
813	0.000716545	0
814	0.000715723	0
815	0.000714904	0
816	0.000714086	0
817	0.000713271	0
818	0.000712457	0
819	0.000711646	0
820	0.000710836	0
821	0.000710029	0
822	0.000709223	0
823	0.00070842	0
824	0.000707618	0
825	0.000706818	0
826	0.00070602	0
827	0.000705224	0
828	0.00070443	0
829	0.000703638	0
830	0.000702848	0
831	0.00070206	0
832	0.000701274	0
833	0.000700489	0
834	0.000699706	0
835	0.000698926	0
836	0.000698147	0
837	0.00069737	0
838	0.000696594	0
839	0.000695821	0
840	0.000695049	0
841	0.00069428	0
842	0.000693512	0
843	0.000692746	0
844	0.000691981	0
845	0.000691219	0
846	0.000690458	0
847	0.000689699	0
848	0.000688942	0
849	0.000688187	0
850	0.000687433	0
851	0.000686681	0
852	0.000685931	0
853	0.000685183	0
854	0.000684436	0
855	0.000683691	0
856	0.000682948	0
857	0.000682207	0
858	0.000681467	0
859	0.000680729	0
860	0.000679993	0
861	0.000679258	0
862	0.000678525	0
863	0.000677794	0
864	0.000677064	0
865	0.000676336	0
866	0.00067561	0
867	0.000674886	0
868	0.000674163	0
869	0.000673441	0
870	0.000672722	0
871	0.000672004	0
872	0.000671287	0
873	0.000670573	0
874	0.000669859	0
875	0.000669148	0
876	0.000668438	0
877	0.00066773	0
878	0.000667023	0
879	0.000666318	0
880	0.000665614	0
881	0.000664912	0
882	0.000664212	0
883	0.000663513	0
884	0.000662816	0
885	0.00066212	0
886	0.000661426	0
887	0.000660733	0
888	0.000660042	0
889	0.000659353	0
890	0.000658665	0
891	0.000657978	0
892	0.000657293	0
893	0.00065661	0
894	0.000655928	0
895	0.000655248	0
896	0.000654569	0
897	0.000653891	0
898	0.000653215	0
899	0.000652541	0
900	0.000651868	0
901	0.000651196	0
902	0.000650526	0
903	0.000649858	0
904	0.00064919	0
905	0.000648525	0
906	0.000647861	0
907	0.000647198	0
908	0.000646536	0
909	0.000645876	0
910	0.000645218	0
911	0.000644561	0
912	0.000643905	0
913	0.000643251	0
914	0.000642598	0
915	0.000641947	0
916	0.000641297	0
917	0.000640648	0
918	0.000640001	0
919	0.000639355	0
920	0.000638711	0
921	0.000638068	0
922	0.000637426	0
923	0.000636785	0
924	0.000636147	0
925	0.000635509	0
926	0.000634873	0
927	0.000634238	0
928	0.000633604	0
929	0.000632972	0
930	0.000632341	0
931	0.000631711	0
932	0.000631083	0
933	0.000630456	0
934	0.000629831	0
935	0.000629206	0
936	0.000628583	0
937	0.000627962	0
938	0.000627341	0
939	0.000626722	0
940	0.000626104	0
941	0.000625488	0
942	0.000624873	0
943	0.000624259	0
944	0.000623646	0
945	0.000623035	0
946	0.000622425	0
947	0.000621816	0
948	0.000621208	0
949	0.000620602	0
950	0.000619997	0
951	0.000619393	0
952	0.00061879	0
953	0.000618189	0
954	0.000617589	0
955	0.00061699	0
956	0.000616392	0
957	0.000615796	0
958	0.000615201	0
959	0.000614607	0
960	0.000614014	0
961	0.000613422	0
962	0.000612832	0
963	0.000612243	0
964	0.000611655	0
965	0.000611068	0
966	0.000610483	0
967	0.000609898	0
968	0.000609315	0
969	0.000608733	0
970	0.000608152	0
971	0.000607572	0
972	0.000606994	0
973	0.000606416	0
974	0.00060584	0
975	0.000605265	0
976	0.000604691	0
977	0.000604119	0
978	0.000603547	0
979	0.000602976	0
980	0.000602407	0
981	0.000601839	0
982	0.000601272	0
983	0.000600706	0
984	0.000600141	0
985	0.000599577	0
986	0.000599015	0
987	0.000598453	0
988	0.000597893	0
989	0.000597334	0
990	0.000596776	0
991	0.000596219	0
992	0.000595663	0
993	0.000595108	0
994	0.000594554	0
995	0.000594001	0
996	0.00059345	0
997	0.000592899	0
998	0.00059235	0
999	0.000591802	0
1000	0.000591254	0
1 -- 0.998876 0 -- 0.00112431 
1 -- 0.998861 0 -- 0.0011387 
1 -- 0.998782 0 -- 0.00121823 
1 -- 0.998872 0 -- 0.00112823 
1 -- 0.998794 0 -- 0.00120647 
1 -- 0.998851 0 -- 0.00114918 
1 -- 0.998848 0 -- 0.00115206 
1 -- 0.998845 0 -- 0.00115496 
1 -- 0.998859 0 -- 0.00114115 
1 -- 0.998381 0 -- 0.0016191 
1 -- 0.998315 0 -- 0.00168493 
1 -- 0.998835 0 -- 0.00116516 
1 -- 0.998879 0 -- 0.00112078 
1 -- 0.997814 0 -- 0.00218632 
1 -- 0.998687 0 -- 0.00131299 
1 -- 0.998851 0 -- 0.0011492 
1 -- 0.998662 0 -- 0.00133784 
1 -- 0.998856 0 -- 0.0011441 
1 -- 0.998605 0 -- 0.00139534 
1 -- 0.998595 0 -- 0.00140544 
1 -- 0.998802 0 -- 0.00119791 
1 -- 0.998713 0 -- 0.00128681 
0 -- 0.996573 1 -- 0.00342683 
0 -- 0.000390358 1 -- 0.99961 
0 -- 5.38291e-05 1 -- 0.999946 
0 -- 5.31321e-05 1 -- 0.999947 
0 -- 5.3201e-05 1 -- 0.999947 
0 -- 5.44647e-05 1 -- 0.999946 
0 -- 5.42233e-05 1 -- 0.999946 
0 -- 5.33838e-05 1 -- 0.999947 
0 -- 5.33838e-05 1 -- 0.999947 
0 -- 5.40887e-05 1 -- 0.999946 
0 -- 5.33838e-05 1 -- 0.999947 
0 -- 5.96872e-05 1 -- 0.99994 
0 -- 5.90766e-05 1 -- 0.999941 
0 -- 5.4679e-05 1 -- 0.999945 
0 -- 5.49454e-05 1 -- 0.999945 
0 -- 5.49454e-05 1 -- 0.999945 
0 -- 5.44187e-05 1 -- 0.999946 
0 -- 6.49493e-05 1 -- 0.999935 
0 -- 6.36822e-05 1 -- 0.999936 
0 -- 0.000141589 1 -- 0.999858 
0 -- 5.3502e-05 1 -- 0.999946 
We end!! => Final test CCR: 97.6744
Iteration	 Training error	 Validation error 
1	0.560037	0
2	0.330759	0
3	0.301962	0
4	0.228562	0
5	0.176953	0
6	0.149995	0
7	0.131875	0
8	0.118374	0
9	0.108186	0
10	0.100051	0
11	0.0932487	0
12	0.0874453	0
13	0.0824814	0
14	0.0782621	0
15	0.0747054	0
16	0.071721	0
17	0.0692118	0
18	0.0670854	0
19	0.0652633	0
20	0.0636825	0
21	0.0622937	0
22	0.0610585	0
23	0.0599459	0
24	0.0589305	0
25	0.0579904	0
26	0.0571064	0
27	0.0562606	0
28	0.0554356	0
29	0.054613	0
30	0.0537735	0
31	0.0528957	0
32	0.0519567	0
33	0.0509346	0
34	0.0498157	0
35	0.0486065	0
36	0.0473479	0
37	0.0461134	0
38	0.0449742	0
39	0.0439536	0
40	0.0430253	0
41	0.0421506	0
42	0.0413045	0
43	0.0404736	0
44	0.0396484	0
45	0.03882	0
46	0.0379799	0
47	0.0371206	0
48	0.036236	0
49	0.0353216	0
50	0.0343751	0
51	0.033396	0
52	0.0323853	0
53	0.0313446	0
54	0.0302754	0
55	0.0291789	0
56	0.0280575	0
57	0.0269162	0
58	0.0257651	0
59	0.0246201	0
60	0.0235015	0
61	0.02243	0
62	0.0214228	0
63	0.0204902	0
64	0.0196358	0
65	0.018857	0
66	0.0181482	0
67	0.017502	0
68	0.016911	0
69	0.0163682	0
70	0.0158674	0
71	0.0154034	0
72	0.0149717	0
73	0.0145686	0
74	0.014191	0
75	0.013836	0
76	0.0135014	0
77	0.0131853	0
78	0.012886	0
79	0.0126019	0
80	0.0123319	0
81	0.0120747	0
82	0.0118294	0
83	0.011595	0
84	0.0113709	0
85	0.0111562	0
86	0.0109504	0
87	0.0107527	0
88	0.0105628	0
89	0.0103802	0
90	0.0102043	0
91	0.0100349	0
92	0.00987146	0
93	0.00971373	0
94	0.00956138	0
95	0.00941412	0
96	0.00927169	0
97	0.00913384	0
98	0.00900033	0
99	0.00887096	0
100	0.00874552	0
101	0.00862384	0
102	0.00850572	0
103	0.00839102	0
104	0.00827958	0
105	0.00817125	0
106	0.0080659	0
107	0.0079634	0
108	0.00786364	0
109	0.0077665	0
110	0.00767188	0
111	0.00757966	0
112	0.00748977	0
113	0.00740211	0
114	0.00731659	0
115	0.00723314	0
116	0.00715167	0
117	0.00707212	0
118	0.00699442	0
119	0.00691849	0
120	0.00684428	0
121	0.00677173	0
122	0.00670077	0
123	0.00663137	0
124	0.00656346	0
125	0.00649699	0
126	0.00643192	0
127	0.00636821	0
128	0.00630581	0
129	0.00624467	0
130	0.00618477	0
131	0.00612605	0
132	0.00606849	0
133	0.00601206	0
134	0.00595671	0
135	0.00590241	0
136	0.00584914	0
137	0.00579687	0
138	0.00574556	0
139	0.00569519	0
140	0.00564573	0
141	0.00559716	0
142	0.00554946	0
143	0.00550259	0
144	0.00545654	0
145	0.00541129	0
146	0.00536681	0
147	0.00532309	0
148	0.0052801	0
149	0.00523783	0
150	0.00519625	0
151	0.00515536	0
152	0.00511513	0
153	0.00507555	0
154	0.00503659	0
155	0.00499826	0
156	0.00496052	0
157	0.00492337	0
158	0.0048868	0
159	0.00485078	0
160	0.00481531	0
161	0.00478037	0
162	0.00474595	0
163	0.00471205	0
164	0.00467864	0
165	0.00464572	0
166	0.00461327	0
167	0.00458129	0
168	0.00454977	0
169	0.00451869	0
170	0.00448804	0
171	0.00445783	0
172	0.00442803	0
173	0.00439864	0
174	0.00436965	0
175	0.00434105	0
176	0.00431284	0
177	0.004285	0
178	0.00425753	0
179	0.00423042	0
180	0.00420367	0
181	0.00417726	0
182	0.00415119	0
183	0.00412546	0
184	0.00410005	0
185	0.00407496	0
186	0.00405019	0
187	0.00402573	0
188	0.00400156	0
189	0.0039777	0
190	0.00395412	0
191	0.00393084	0
192	0.00390783	0
193	0.0038851	0
194	0.00386264	0
195	0.00384044	0
196	0.00381851	0
197	0.00379683	0
198	0.0037754	0
199	0.00375422	0
200	0.00373328	0
201	0.00371258	0
202	0.00369212	0
203	0.00367188	0
204	0.00365188	0
205	0.00363209	0
206	0.00361253	0
207	0.00359317	0
208	0.00357404	0
209	0.0035551	0
210	0.00353638	0
211	0.00351785	0
212	0.00349952	0
213	0.00348139	0
214	0.00346345	0
215	0.0034457	0
216	0.00342813	0
217	0.00341075	0
218	0.00339354	0
219	0.00337651	0
220	0.00335966	0
221	0.00334298	0
222	0.00332646	0
223	0.00331011	0
224	0.00329393	0
225	0.00327791	0
226	0.00326204	0
227	0.00324633	0
228	0.00323078	0
229	0.00321538	0
230	0.00320013	0
231	0.00318502	0
232	0.00317006	0
233	0.00315524	0
234	0.00314056	0
235	0.00312603	0
236	0.00311162	0
237	0.00309736	0
238	0.00308322	0
239	0.00306922	0
240	0.00305535	0
241	0.0030416	0
242	0.00302798	0
243	0.00301449	0
244	0.00300111	0
245	0.00298786	0
246	0.00297472	0
247	0.00296171	0
248	0.00294881	0
249	0.00293602	0
250	0.00292334	0
251	0.00291078	0
252	0.00289832	0
253	0.00288598	0
254	0.00287374	0
255	0.0028616	0
256	0.00284957	0
257	0.00283764	0
258	0.00282582	0
259	0.00281409	0
260	0.00280246	0
261	0.00279093	0
262	0.0027795	0
263	0.00276816	0
264	0.00275691	0
265	0.00274576	0
266	0.00273469	0
267	0.00272372	0
268	0.00271284	0
269	0.00270204	0
270	0.00269134	0
271	0.00268071	0
272	0.00267018	0
273	0.00265972	0
274	0.00264935	0
275	0.00263906	0
276	0.00262886	0
277	0.00261873	0
278	0.00260868	0
279	0.00259871	0
280	0.00258881	0
281	0.002579	0
282	0.00256925	0
283	0.00255958	0
284	0.00254999	0
285	0.00254047	0
286	0.00253102	0
287	0.00252164	0
288	0.00251233	0
289	0.00250309	0
290	0.00249392	0
291	0.00248481	0
292	0.00247578	0
293	0.00246681	0
294	0.0024579	0
295	0.00244906	0
296	0.00244029	0
297	0.00243158	0
298	0.00242293	0
299	0.00241434	0
300	0.00240581	0
301	0.00239735	0
302	0.00238894	0
303	0.0023806	0
304	0.00237231	0
305	0.00236408	0
306	0.00235591	0
307	0.0023478	0
308	0.00233974	0
309	0.00233174	0
310	0.00232379	0
311	0.0023159	0
312	0.00230806	0
313	0.00230027	0
314	0.00229254	0
315	0.00228486	0
316	0.00227723	0
317	0.00226965	0
318	0.00226213	0
319	0.00225465	0
320	0.00224722	0
321	0.00223985	0
322	0.00223252	0
323	0.00222524	0
324	0.00221801	0
325	0.00221082	0
326	0.00220368	0
327	0.00219659	0
328	0.00218954	0
329	0.00218254	0
330	0.00217558	0
331	0.00216867	0
332	0.0021618	0
333	0.00215498	0
334	0.0021482	0
335	0.00214146	0
336	0.00213477	0
337	0.00212811	0
338	0.0021215	0
339	0.00211493	0
340	0.0021084	0
341	0.00210191	0
342	0.00209546	0
343	0.00208905	0
344	0.00208268	0
345	0.00207635	0
346	0.00207006	0
347	0.0020638	0
348	0.00205758	0
349	0.0020514	0
350	0.00204526	0
351	0.00203916	0
352	0.00203309	0
353	0.00202705	0
354	0.00202106	0
355	0.0020151	0
356	0.00200917	0
357	0.00200328	0
358	0.00199742	0
359	0.0019916	0
360	0.00198581	0
361	0.00198005	0
362	0.00197433	0
363	0.00196864	0
364	0.00196299	0
365	0.00195736	0
366	0.00195177	0
367	0.00194621	0
368	0.00194069	0
369	0.00193519	0
370	0.00192972	0
371	0.00192429	0
372	0.00191888	0
373	0.00191351	0
374	0.00190817	0
375	0.00190285	0
376	0.00189757	0
377	0.00189231	0
378	0.00188709	0
379	0.00188189	0
380	0.00187672	0
381	0.00187158	0
382	0.00186647	0
383	0.00186138	0
384	0.00185633	0
385	0.0018513	0
386	0.00184629	0
387	0.00184132	0
388	0.00183637	0
389	0.00183145	0
390	0.00182655	0
391	0.00182168	0
392	0.00181683	0
393	0.00181202	0
394	0.00180722	0
395	0.00180245	0
396	0.00179771	0
397	0.00179299	0
398	0.0017883	0
399	0.00178363	0
400	0.00177898	0
401	0.00177436	0
402	0.00176977	0
403	0.00176519	0
404	0.00176064	0
405	0.00175612	0
406	0.00175161	0
407	0.00174713	0
408	0.00174267	0
409	0.00173824	0
410	0.00173382	0
411	0.00172943	0
412	0.00172506	0
413	0.00172072	0
414	0.00171639	0
415	0.00171209	0
416	0.0017078	0
417	0.00170354	0
418	0.0016993	0
419	0.00169508	0
420	0.00169088	0
421	0.00168671	0
422	0.00168255	0
423	0.00167841	0
424	0.00167429	0
425	0.0016702	0
426	0.00166612	0
427	0.00166206	0
428	0.00165802	0
429	0.001654	0
430	0.00165001	0
431	0.00164602	0
432	0.00164206	0
433	0.00163812	0
434	0.0016342	0
435	0.00163029	0
436	0.0016264	0
437	0.00162253	0
438	0.00161868	0
439	0.00161485	0
440	0.00161104	0
441	0.00160724	0
442	0.00160346	0
443	0.0015997	0
444	0.00159595	0
445	0.00159223	0
446	0.00158852	0
447	0.00158482	0
448	0.00158115	0
449	0.00157749	0
450	0.00157384	0
451	0.00157022	0
452	0.00156661	0
453	0.00156302	0
454	0.00155944	0
455	0.00155588	0
456	0.00155233	0
457	0.0015488	0
458	0.00154529	0
459	0.00154179	0
460	0.00153831	0
461	0.00153484	0
462	0.00153139	0
463	0.00152795	0
464	0.00152453	0
465	0.00152113	0
466	0.00151773	0
467	0.00151436	0
468	0.001511	0
469	0.00150765	0
470	0.00150432	0
471	0.001501	0
472	0.00149769	0
473	0.0014944	0
474	0.00149113	0
475	0.00148787	0
476	0.00148462	0
477	0.00148138	0
478	0.00147816	0
479	0.00147496	0
480	0.00147177	0
481	0.00146859	0
482	0.00146542	0
483	0.00146227	0
484	0.00145913	0
485	0.001456	0
486	0.00145289	0
487	0.00144979	0
488	0.0014467	0
489	0.00144363	0
490	0.00144057	0
491	0.00143752	0
492	0.00143448	0
493	0.00143146	0
494	0.00142844	0
495	0.00142545	0
496	0.00142246	0
497	0.00141948	0
498	0.00141652	0
499	0.00141357	0
500	0.00141063	0
501	0.0014077	0
502	0.00140479	0
503	0.00140189	0
504	0.00139899	0
505	0.00139611	0
506	0.00139324	0
507	0.00139039	0
508	0.00138754	0
509	0.00138471	0
510	0.00138188	0
511	0.00137907	0
512	0.00137627	0
513	0.00137348	0
514	0.0013707	0
515	0.00136793	0
516	0.00136518	0
517	0.00136243	0
518	0.00135969	0
519	0.00135697	0
520	0.00135425	0
521	0.00135155	0
522	0.00134885	0
523	0.00134617	0
524	0.0013435	0
525	0.00134083	0
526	0.00133818	0
527	0.00133554	0
528	0.0013329	0
529	0.00133028	0
530	0.00132767	0
531	0.00132507	0
532	0.00132247	0
533	0.00131989	0
534	0.00131732	0
535	0.00131475	0
536	0.0013122	0
537	0.00130965	0
538	0.00130712	0
539	0.00130459	0
540	0.00130207	0
541	0.00129957	0
542	0.00129707	0
543	0.00129458	0
544	0.0012921	0
545	0.00128963	0
546	0.00128717	0
547	0.00128472	0
548	0.00128227	0
549	0.00127984	0
550	0.00127741	0
551	0.001275	0
552	0.00127259	0
553	0.00127019	0
554	0.0012678	0
555	0.00126541	0
556	0.00126304	0
557	0.00126067	0
558	0.00125832	0
559	0.00125597	0
560	0.00125363	0
561	0.0012513	0
562	0.00124897	0
563	0.00124666	0
564	0.00124435	0
565	0.00124205	0
566	0.00123976	0
567	0.00123748	0
568	0.0012352	0
569	0.00123294	0
570	0.00123068	0
571	0.00122843	0
572	0.00122618	0
573	0.00122395	0
574	0.00122172	0
575	0.0012195	0
576	0.00121729	0
577	0.00121508	0
578	0.00121288	0
579	0.00121069	0
580	0.00120851	0
581	0.00120634	0
582	0.00120417	0
583	0.00120201	0
584	0.00119986	0
585	0.00119771	0
586	0.00119557	0
587	0.00119344	0
588	0.00119132	0
589	0.0011892	0
590	0.00118709	0
591	0.00118499	0
592	0.00118289	0
593	0.0011808	0
594	0.00117872	0
595	0.00117665	0
596	0.00117458	0
597	0.00117252	0
598	0.00117046	0
599	0.00116841	0
600	0.00116637	0
601	0.00116434	0
602	0.00116231	0
603	0.00116029	0
604	0.00115828	0
605	0.00115627	0
606	0.00115427	0
607	0.00115227	0
608	0.00115028	0
609	0.0011483	0
610	0.00114633	0
611	0.00114436	0
612	0.00114239	0
613	0.00114044	0
614	0.00113849	0
615	0.00113654	0
616	0.0011346	0
617	0.00113267	0
618	0.00113075	0
619	0.00112883	0
620	0.00112691	0
621	0.001125	0
622	0.0011231	0
623	0.00112121	0
624	0.00111932	0
625	0.00111743	0
626	0.00111556	0
627	0.00111368	0
628	0.00111182	0
629	0.00110996	0
630	0.0011081	0
631	0.00110625	0
632	0.00110441	0
633	0.00110257	0
634	0.00110074	0
635	0.00109891	0
636	0.00109709	0
637	0.00109528	0
638	0.00109347	0
639	0.00109166	0
640	0.00108986	0
641	0.00108807	0
642	0.00108628	0
643	0.0010845	0
644	0.00108272	0
645	0.00108095	0
646	0.00107918	0
647	0.00107742	0
648	0.00107567	0
649	0.00107392	0
650	0.00107217	0
651	0.00107043	0
652	0.0010687	0
653	0.00106697	0
654	0.00106524	0
655	0.00106352	0
656	0.00106181	0
657	0.0010601	0
658	0.00105839	0
659	0.00105669	0
660	0.001055	0
661	0.00105331	0
662	0.00105162	0
663	0.00104994	0
664	0.00104827	0
665	0.0010466	0
666	0.00104493	0
667	0.00104327	0
668	0.00104162	0
669	0.00103997	0
670	0.00103832	0
671	0.00103668	0
672	0.00103504	0
673	0.00103341	0
674	0.00103178	0
675	0.00103016	0
676	0.00102854	0
677	0.00102693	0
678	0.00102532	0
679	0.00102371	0
680	0.00102211	0
681	0.00102052	0
682	0.00101892	0
683	0.00101734	0
684	0.00101576	0
685	0.00101418	0
686	0.0010126	0
687	0.00101103	0
688	0.00100947	0
689	0.00100791	0
690	0.00100635	0
691	0.0010048	0
692	0.00100325	0
693	0.00100171	0
694	0.00100017	0
695	0.000998636	0
696	0.000997106	0
697	0.000995579	0
698	0.000994057	0
699	0.000992538	0
700	0.000991024	0
701	0.000989514	0
702	0.000988008	0
703	0.000986506	0
704	0.000985008	0
705	0.000983515	0
706	0.000982025	0
707	0.000980539	0
708	0.000979057	0
709	0.000977579	0
710	0.000976105	0
711	0.000974635	0
712	0.000973169	0
713	0.000971707	0
714	0.000970248	0
715	0.000968794	0
716	0.000967343	0
717	0.000965896	0
718	0.000964453	0
719	0.000963013	0
720	0.000961578	0
721	0.000960146	0
722	0.000958718	0
723	0.000957293	0
724	0.000955872	0
725	0.000954455	0
726	0.000953042	0
727	0.000951632	0
728	0.000950226	0
729	0.000948823	0
730	0.000947425	0
731	0.000946029	0
732	0.000944637	0
733	0.000943249	0
734	0.000941864	0
735	0.000940483	0
736	0.000939106	0
737	0.000937731	0
738	0.000936361	0
739	0.000934993	0
740	0.00093363	0
741	0.000932269	0
742	0.000930912	0
743	0.000929559	0
744	0.000928209	0
745	0.000926862	0
746	0.000925518	0
747	0.000924178	0
748	0.000922841	0
749	0.000921508	0
750	0.000920178	0
751	0.000918851	0
752	0.000917527	0
753	0.000916207	0
754	0.00091489	0
755	0.000913576	0
756	0.000912265	0
757	0.000910958	0
758	0.000909653	0
759	0.000908352	0
760	0.000907054	0
761	0.000905759	0
762	0.000904468	0
763	0.000903179	0
764	0.000901894	0
765	0.000900611	0
766	0.000899332	0
767	0.000898056	0
768	0.000896782	0
769	0.000895512	0
770	0.000894245	0
771	0.000892981	0
772	0.00089172	0
773	0.000890462	0
774	0.000889207	0
775	0.000887955	0
776	0.000886705	0
777	0.000885459	0
778	0.000884216	0
779	0.000882975	0
780	0.000881738	0
781	0.000880503	0
782	0.000879272	0
783	0.000878043	0
784	0.000876817	0
785	0.000875594	0
786	0.000874373	0
787	0.000873156	0
788	0.000871941	0
789	0.000870729	0
790	0.00086952	0
791	0.000868314	0
792	0.00086711	0
793	0.000865909	0
794	0.000864711	0
795	0.000863516	0
796	0.000862323	0
797	0.000861134	0
798	0.000859946	0
799	0.000858762	0
800	0.00085758	0
801	0.000856401	0
802	0.000855224	0
803	0.00085405	0
804	0.000852879	0
805	0.000851711	0
806	0.000850545	0
807	0.000849381	0
808	0.000848221	0
809	0.000847062	0
810	0.000845907	0
811	0.000844754	0
812	0.000843603	0
813	0.000842455	0
814	0.00084131	0
815	0.000840167	0
816	0.000839026	0
817	0.000837888	0
818	0.000836753	0
819	0.00083562	0
820	0.00083449	0
821	0.000833362	0
822	0.000832236	0
823	0.000831113	0
824	0.000829992	0
825	0.000828874	0
826	0.000827758	0
827	0.000826645	0
828	0.000825534	0
829	0.000824425	0
830	0.000823319	0
831	0.000822215	0
832	0.000821114	0
833	0.000820014	0
834	0.000818918	0
835	0.000817823	0
836	0.000816731	0
837	0.000815641	0
838	0.000814554	0
839	0.000813468	0
840	0.000812385	0
841	0.000811305	0
842	0.000810226	0
843	0.00080915	0
844	0.000808076	0
845	0.000807005	0
846	0.000805935	0
847	0.000804868	0
848	0.000803803	0
849	0.00080274	0
850	0.00080168	0
851	0.000800621	0
852	0.000799565	0
853	0.000798511	0
854	0.00079746	0
855	0.00079641	0
856	0.000795363	0
857	0.000794317	0
858	0.000793274	0
859	0.000792233	0
860	0.000791194	0
861	0.000790157	0
862	0.000789123	0
863	0.00078809	0
864	0.00078706	0
865	0.000786031	0
866	0.000785005	0
867	0.000783981	0
868	0.000782958	0
869	0.000781938	0
870	0.00078092	0
871	0.000779904	0
872	0.00077889	0
873	0.000777878	0
874	0.000776868	0
875	0.00077586	0
876	0.000774854	0
877	0.00077385	0
878	0.000772848	0
879	0.000771848	0
880	0.00077085	0
881	0.000769854	0
882	0.00076886	0
883	0.000767868	0
884	0.000766878	0
885	0.00076589	0
886	0.000764904	0
887	0.000763919	0
888	0.000762937	0
889	0.000761957	0
890	0.000760978	0
891	0.000760001	0
892	0.000759026	0
893	0.000758054	0
894	0.000757083	0
895	0.000756113	0
896	0.000755146	0
897	0.000754181	0
898	0.000753217	0
899	0.000752256	0
900	0.000751296	0
901	0.000750338	0
902	0.000749382	0
903	0.000748427	0
904	0.000747475	0
905	0.000746524	0
906	0.000745575	0
907	0.000744628	0
908	0.000743683	0
909	0.00074274	0
910	0.000741798	0
911	0.000740858	0
912	0.00073992	0
913	0.000738983	0
914	0.000738049	0
915	0.000737116	0
916	0.000736185	0
917	0.000735256	0
918	0.000734328	0
919	0.000733402	0
920	0.000732478	0
921	0.000731556	0
922	0.000730635	0
923	0.000729716	0
924	0.000728799	0
925	0.000727883	0
926	0.000726969	0
927	0.000726057	0
928	0.000725146	0
929	0.000724238	0
930	0.00072333	0
931	0.000722425	0
932	0.000721521	0
933	0.000720619	0
934	0.000719719	0
935	0.00071882	0
936	0.000717923	0
937	0.000717027	0
938	0.000716133	0
939	0.000715241	0
940	0.00071435	0
941	0.000713461	0
942	0.000712574	0
943	0.000711688	0
944	0.000710804	0
945	0.000709921	0
946	0.00070904	0
947	0.000708161	0
948	0.000707283	0
949	0.000706407	0
950	0.000705532	0
951	0.000704659	0
952	0.000703787	0
953	0.000702917	0
954	0.000702049	0
955	0.000701182	0
956	0.000700317	0
957	0.000699453	0
958	0.000698591	0
959	0.00069773	0
960	0.000696871	0
961	0.000696013	0
962	0.000695157	0
963	0.000694303	0
964	0.00069345	0
965	0.000692598	0
966	0.000691748	0
967	0.0006909	0
968	0.000690053	0
969	0.000689207	0
970	0.000688363	0
971	0.000687521	0
972	0.00068668	0
973	0.00068584	0
974	0.000685002	0
975	0.000684165	0
976	0.00068333	0
977	0.000682496	0
978	0.000681664	0
979	0.000680833	0
980	0.000680004	0
981	0.000679176	0
982	0.00067835	0
983	0.000677525	0
984	0.000676701	0
985	0.000675879	0
986	0.000675058	0
987	0.000674239	0
988	0.000673421	0
989	0.000672605	0
990	0.00067179	0
991	0.000670976	0
992	0.000670164	0
993	0.000669353	0
994	0.000668544	0
995	0.000667736	0
996	0.000666929	0
997	0.000666124	0
998	0.00066532	0
999	0.000664518	0
1000	0.000663717	0
1 -- 0.998575 0 -- 0.00142471 
1 -- 0.998576 0 -- 0.00142448 
1 -- 0.998552 0 -- 0.0014485 
1 -- 0.998581 0 -- 0.00141914 
1 -- 0.998508 0 -- 0.00149245 
1 -- 0.998565 0 -- 0.00143511 
1 -- 0.998557 0 -- 0.00144338 
1 -- 0.998512 0 -- 0.00148848 
1 -- 0.99854 0 -- 0.00145994 
1 -- 0.998294 0 -- 0.00170558 
1 -- 0.998516 0 -- 0.0014838 
1 -- 0.998558 0 -- 0.00144178 
1 -- 0.998567 0 -- 0.0014331 
1 -- 0.997587 0 -- 0.00241288 
1 -- 0.998484 0 -- 0.001516 
1 -- 0.99853 0 -- 0.00147003 
1 -- 0.998507 0 -- 0.00149318 
1 -- 0.998576 0 -- 0.00142395 
1 -- 0.998341 0 -- 0.00165888 
1 -- 0.998222 0 -- 0.00177754 
1 -- 0.99852 0 -- 0.00148013 
1 -- 0.99731 0 -- 0.00268971 
0 -- 0.998151 1 -- 0.00184914 
0 -- 6.25008e-05 1 -- 0.999937 
0 -- 3.15345e-05 1 -- 0.999968 
0 -- 3.06675e-05 1 -- 0.999969 
0 -- 3.0725e-05 1 -- 0.999969 
0 -- 3.14335e-05 1 -- 0.999969 
0 -- 3.11387e-05 1 -- 0.999969 
0 -- 3.06479e-05 1 -- 0.999969 
0 -- 3.06479e-05 1 -- 0.999969 
0 -- 3.10361e-05 1 -- 0.999969 
0 -- 3.06479e-05 1 -- 0.999969 
0 -- 3.34075e-05 1 -- 0.999967 
0 -- 3.98363e-05 1 -- 0.99996 
0 -- 3.13684e-05 1 -- 0.999969 
0 -- 3.0851e-05 1 -- 0.999969 
0 -- 3.0851e-05 1 -- 0.999969 
0 -- 3.13023e-05 1 -- 0.999969 
0 -- 3.63901e-05 1 -- 0.999964 
0 -- 7.84173e-05 1 -- 0.999922 
0 -- 0.000120848 1 -- 0.999879 
0 -- 3.09246e-05 1 -- 0.999969 
We end!! => Final test CCR: 97.6744
Iteration	 Training error	 Validation error 
1	0.399714	0
2	0.320434	0
3	0.310549	0
4	0.262897	0
5	0.228407	0
6	0.194117	0
7	0.164006	0
8	0.136475	0
9	0.111708	0
10	0.0928758	0
11	0.0796969	0
12	0.0705091	0
13	0.0639182	0
14	0.0589621	0
15	0.0550454	0
16	0.0518181	0
17	0.0490703	0
18	0.0466705	0
19	0.0445328	0
20	0.042598	0
21	0.0408239	0
22	0.0391789	0
23	0.0376381	0
24	0.0361816	0
25	0.0347931	0
26	0.0334593	0
27	0.0321695	0
28	0.0309166	0
29	0.0296964	0
30	0.0285082	0
31	0.0273545	0
32	0.0262399	0
33	0.02517	0
34	0.0241498	0
35	0.0231834	0
36	0.0222726	0
37	0.0214178	0
38	0.0206175	0
39	0.0198695	0
40	0.0191706	0
41	0.0185176	0
42	0.0179068	0
43	0.0173349	0
44	0.0167987	0
45	0.0162951	0
46	0.0158215	0
47	0.0153752	0
48	0.014954	0
49	0.0145559	0
50	0.014179	0
51	0.0138216	0
52	0.0134822	0
53	0.0131595	0
54	0.0128522	0
55	0.0125592	0
56	0.0122796	0
57	0.0120124	0
58	0.0117568	0
59	0.011512	0
60	0.0112773	0
61	0.0110522	0
62	0.010836	0
63	0.0106282	0
64	0.0104283	0
65	0.0102358	0
66	0.0100504	0
67	0.00987171	0
68	0.00969928	0
69	0.00953282	0
70	0.00937202	0
71	0.0092166	0
72	0.00906628	0
73	0.00892083	0
74	0.00877999	0
75	0.00864357	0
76	0.00851134	0
77	0.00838312	0
78	0.00825873	0
79	0.008138	0
80	0.00802076	0
81	0.00790687	0
82	0.00779618	0
83	0.00768856	0
84	0.00758388	0
85	0.00748202	0
86	0.00738287	0
87	0.00728632	0
88	0.00719227	0
89	0.00710062	0
90	0.00701128	0
91	0.00692416	0
92	0.00683918	0
93	0.00675626	0
94	0.00667532	0
95	0.0065963	0
96	0.00651913	0
97	0.00644373	0
98	0.00637005	0
99	0.00629803	0
100	0.00622761	0
101	0.00615874	0
102	0.00609136	0
103	0.00602543	0
104	0.00596091	0
105	0.00589773	0
106	0.00583587	0
107	0.00577528	0
108	0.00571592	0
109	0.00565775	0
110	0.00560073	0
111	0.00554484	0
112	0.00549003	0
113	0.00543628	0
114	0.00538355	0
115	0.00533181	0
116	0.00528104	0
117	0.00523121	0
118	0.00518229	0
119	0.00513425	0
120	0.00508708	0
121	0.00504074	0
122	0.00499521	0
123	0.00495048	0
124	0.00490652	0
125	0.00486331	0
126	0.00482084	0
127	0.00477907	0
128	0.004738	0
129	0.00469761	0
130	0.00465787	0
131	0.00461878	0
132	0.00458032	0
133	0.00454246	0
134	0.00450521	0
135	0.00446854	0
136	0.00443243	0
137	0.00439688	0
138	0.00436188	0
139	0.0043274	0
140	0.00429345	0
141	0.00426	0
142	0.00422704	0
143	0.00419457	0
144	0.00416257	0
145	0.00413103	0
146	0.00409995	0
147	0.00406931	0
148	0.0040391	0
149	0.00400932	0
150	0.00397995	0
151	0.003951	0
152	0.00392244	0
153	0.00389427	0
154	0.00386648	0
155	0.00383907	0
156	0.00381203	0
157	0.00378534	0
158	0.00375901	0
159	0.00373303	0
160	0.00370739	0
161	0.00368208	0
162	0.0036571	0
163	0.00363245	0
164	0.0036081	0
165	0.00358407	0
166	0.00356034	0
167	0.00353691	0
168	0.00351378	0
169	0.00349093	0
170	0.00346836	0
171	0.00344608	0
172	0.00342407	0
173	0.00340232	0
174	0.00338084	0
175	0.00335962	0
176	0.00333866	0
177	0.00331794	0
178	0.00329748	0
179	0.00327725	0
180	0.00325727	0
181	0.00323752	0
182	0.003218	0
183	0.00319871	0
184	0.00317964	0
185	0.0031608	0
186	0.00314217	0
187	0.00312375	0
188	0.00310555	0
189	0.00308755	0
190	0.00306976	0
191	0.00305216	0
192	0.00303477	0
193	0.00301756	0
194	0.00300055	0
195	0.00298373	0
196	0.0029671	0
197	0.00295065	0
198	0.00293438	0
199	0.00291828	0
200	0.00290236	0
201	0.00288662	0
202	0.00287104	0
203	0.00285564	0
204	0.00284039	0
205	0.00282532	0
206	0.0028104	0
207	0.00279564	0
208	0.00278103	0
209	0.00276658	0
210	0.00275228	0
211	0.00273813	0
212	0.00272413	0
213	0.00271027	0
214	0.00269656	0
215	0.00268299	0
216	0.00266956	0
217	0.00265626	0
218	0.0026431	0
219	0.00263007	0
220	0.00261718	0
221	0.00260441	0
222	0.00259178	0
223	0.00257927	0
224	0.00256688	0
225	0.00255462	0
226	0.00254247	0
227	0.00253045	0
228	0.00251855	0
229	0.00250676	0
230	0.00249509	0
231	0.00248353	0
232	0.00247208	0
233	0.00246075	0
234	0.00244952	0
235	0.0024384	0
236	0.00242738	0
237	0.00241647	0
238	0.00240566	0
239	0.00239496	0
240	0.00238436	0
241	0.00237385	0
242	0.00236344	0
243	0.00235313	0
244	0.00234292	0
245	0.00233279	0
246	0.00232277	0
247	0.00231283	0
248	0.00230298	0
249	0.00229323	0
250	0.00228356	0
251	0.00227397	0
252	0.00226448	0
253	0.00225507	0
254	0.00224574	0
255	0.0022365	0
256	0.00222733	0
257	0.00221825	0
258	0.00220925	0
259	0.00220032	0
260	0.00219148	0
261	0.00218271	0
262	0.00217401	0
263	0.00216539	0
264	0.00215685	0
265	0.00214837	0
266	0.00213997	0
267	0.00213164	0
268	0.00212338	0
269	0.00211519	0
270	0.00210707	0
271	0.00209902	0
272	0.00209103	0
273	0.00208311	0
274	0.00207525	0
275	0.00206746	0
276	0.00205974	0
277	0.00205207	0
278	0.00204447	0
279	0.00203693	0
280	0.00202945	0
281	0.00202203	0
282	0.00201466	0
283	0.00200736	0
284	0.00200012	0
285	0.00199293	0
286	0.0019858	0
287	0.00197872	0
288	0.0019717	0
289	0.00196474	0
290	0.00195782	0
291	0.00195097	0
292	0.00194416	0
293	0.00193741	0
294	0.0019307	0
295	0.00192405	0
296	0.00191745	0
297	0.0019109	0
298	0.0019044	0
299	0.00189794	0
300	0.00189154	0
301	0.00188518	0
302	0.00187887	0
303	0.00187261	0
304	0.00186639	0
305	0.00186021	0
306	0.00185409	0
307	0.001848	0
308	0.00184196	0
309	0.00183597	0
310	0.00183001	0
311	0.0018241	0
312	0.00181823	0
313	0.00181241	0
314	0.00180662	0
315	0.00180088	0
316	0.00179517	0
317	0.00178951	0
318	0.00178388	0
319	0.00177829	0
320	0.00177275	0
321	0.00176724	0
322	0.00176176	0
323	0.00175633	0
324	0.00175093	0
325	0.00174557	0
326	0.00174025	0
327	0.00173496	0
328	0.0017297	0
329	0.00172449	0
330	0.0017193	0
331	0.00171415	0
332	0.00170904	0
333	0.00170396	0
334	0.00169891	0
335	0.00169389	0
336	0.00168891	0
337	0.00168396	0
338	0.00167904	0
339	0.00167416	0
340	0.0016693	0
341	0.00166448	0
342	0.00165969	0
343	0.00165492	0
344	0.00165019	0
345	0.00164549	0
346	0.00164081	0
347	0.00163617	0
348	0.00163156	0
349	0.00162697	0
350	0.00162241	0
351	0.00161788	0
352	0.00161338	0
353	0.00160891	0
354	0.00160446	0
355	0.00160004	0
356	0.00159565	0
357	0.00159129	0
358	0.00158695	0
359	0.00158263	0
360	0.00157835	0
361	0.00157408	0
362	0.00156985	0
363	0.00156564	0
364	0.00156145	0
365	0.00155729	0
366	0.00155315	0
367	0.00154904	0
368	0.00154495	0
369	0.00154088	0
370	0.00153684	0
371	0.00153282	0
372	0.00152883	0
373	0.00152486	0
374	0.00152091	0
375	0.00151698	0
376	0.00151307	0
377	0.00150919	0
378	0.00150533	0
379	0.00150149	0
380	0.00149768	0
381	0.00149388	0
382	0.0014901	0
383	0.00148635	0
384	0.00148262	0
385	0.00147891	0
386	0.00147521	0
387	0.00147154	0
388	0.00146789	0
389	0.00146426	0
390	0.00146065	0
391	0.00145705	0
392	0.00145348	0
393	0.00144993	0
394	0.00144639	0
395	0.00144288	0
396	0.00143938	0
397	0.0014359	0
398	0.00143244	0
399	0.001429	0
400	0.00142558	0
401	0.00142217	0
402	0.00141879	0
403	0.00141542	0
404	0.00141206	0
405	0.00140873	0
406	0.00140541	0
407	0.00140211	0
408	0.00139883	0
409	0.00139556	0
410	0.00139231	0
411	0.00138908	0
412	0.00138586	0
413	0.00138266	0
414	0.00137948	0
415	0.00137631	0
416	0.00137316	0
417	0.00137002	0
418	0.0013669	0
419	0.00136379	0
420	0.0013607	0
421	0.00135763	0
422	0.00135457	0
423	0.00135153	0
424	0.0013485	0
425	0.00134548	0
426	0.00134248	0
427	0.0013395	0
428	0.00133653	0
429	0.00133357	0
430	0.00133063	0
431	0.0013277	0
432	0.00132479	0
433	0.00132189	0
434	0.001319	0
435	0.00131613	0
436	0.00131327	0
437	0.00131043	0
438	0.00130759	0
439	0.00130478	0
440	0.00130197	0
441	0.00129918	0
442	0.0012964	0
443	0.00129364	0
444	0.00129088	0
445	0.00128814	0
446	0.00128541	0
447	0.0012827	0
448	0.00128	0
449	0.00127731	0
450	0.00127463	0
451	0.00127196	0
452	0.00126931	0
453	0.00126667	0
454	0.00126404	0
455	0.00126142	0
456	0.00125882	0
457	0.00125622	0
458	0.00125364	0
459	0.00125107	0
460	0.00124851	0
461	0.00124596	0
462	0.00124343	0
463	0.0012409	0
464	0.00123839	0
465	0.00123588	0
466	0.00123339	0
467	0.00123091	0
468	0.00122844	0
469	0.00122598	0
470	0.00122353	0
471	0.00122109	0
472	0.00121867	0
473	0.00121625	0
474	0.00121384	0
475	0.00121144	0
476	0.00120906	0
477	0.00120668	0
478	0.00120432	0
479	0.00120196	0
480	0.00119961	0
481	0.00119728	0
482	0.00119495	0
483	0.00119264	0
484	0.00119033	0
485	0.00118803	0
486	0.00118574	0
487	0.00118347	0
488	0.0011812	0
489	0.00117894	0
490	0.00117669	0
491	0.00117445	0
492	0.00117222	0
493	0.00116999	0
494	0.00116778	0
495	0.00116558	0
496	0.00116338	0
497	0.0011612	0
498	0.00115902	0
499	0.00115685	0
500	0.00115469	0
501	0.00115254	0
502	0.0011504	0
503	0.00114827	0
504	0.00114614	0
505	0.00114402	0
506	0.00114192	0
507	0.00113982	0
508	0.00113772	0
509	0.00113564	0
510	0.00113357	0
511	0.0011315	0
512	0.00112944	0
513	0.00112739	0
514	0.00112535	0
515	0.00112331	0
516	0.00112129	0
517	0.00111927	0
518	0.00111726	0
519	0.00111525	0
520	0.00111326	0
521	0.00111127	0
522	0.00110929	0
523	0.00110732	0
524	0.00110535	0
525	0.0011034	0
526	0.00110145	0
527	0.0010995	0
528	0.00109757	0
529	0.00109564	0
530	0.00109372	0
531	0.00109181	0
532	0.0010899	0
533	0.001088	0
534	0.00108611	0
535	0.00108423	0
536	0.00108235	0
537	0.00108048	0
538	0.00107861	0
539	0.00107676	0
540	0.00107491	0
541	0.00107306	0
542	0.00107123	0
543	0.0010694	0
544	0.00106757	0
545	0.00106576	0
546	0.00106395	0
547	0.00106215	0
548	0.00106035	0
549	0.00105856	0
550	0.00105678	0
551	0.001055	0
552	0.00105323	0
553	0.00105146	0
554	0.00104971	0
555	0.00104795	0
556	0.00104621	0
557	0.00104447	0
558	0.00104274	0
559	0.00104101	0
560	0.00103929	0
561	0.00103757	0
562	0.00103587	0
563	0.00103416	0
564	0.00103247	0
565	0.00103078	0
566	0.00102909	0
567	0.00102741	0
568	0.00102574	0
569	0.00102407	0
570	0.00102241	0
571	0.00102076	0
572	0.00101911	0
573	0.00101746	0
574	0.00101582	0
575	0.00101419	0
576	0.00101256	0
577	0.00101094	0
578	0.00100933	0
579	0.00100772	0
580	0.00100611	0
581	0.00100451	0
582	0.00100292	0
583	0.00100133	0
584	0.000999745	0
585	0.000998167	0
586	0.000996594	0
587	0.000995027	0
588	0.000993465	0
589	0.000991908	0
590	0.000990356	0
591	0.00098881	0
592	0.000987268	0
593	0.000985732	0
594	0.000984201	0
595	0.000982675	0
596	0.000981154	0
597	0.000979638	0
598	0.000978127	0
599	0.000976621	0
600	0.00097512	0
601	0.000973624	0
602	0.000972132	0
603	0.000970646	0
604	0.000969165	0
605	0.000967688	0
606	0.000966216	0
607	0.000964749	0
608	0.000963286	0
609	0.000961829	0
610	0.000960376	0
611	0.000958927	0
612	0.000957484	0
613	0.000956044	0
614	0.00095461	0
615	0.00095318	0
616	0.000951755	0
617	0.000950334	0
618	0.000948918	0
619	0.000947506	0
620	0.000946099	0
621	0.000944696	0
622	0.000943297	0
623	0.000941903	0
624	0.000940514	0
625	0.000939128	0
626	0.000937747	0
627	0.000936371	0
628	0.000934999	0
629	0.00093363	0
630	0.000932267	0
631	0.000930907	0
632	0.000929552	0
633	0.0009282	0
634	0.000926853	0
635	0.000925511	0
636	0.000924172	0
637	0.000922837	0
638	0.000921507	0
639	0.00092018	0
640	0.000918858	0
641	0.00091754	0
642	0.000916225	0
643	0.000914915	0
644	0.000913609	0
645	0.000912306	0
646	0.000911008	0
647	0.000909713	0
648	0.000908422	0
649	0.000907136	0
650	0.000905853	0
651	0.000904574	0
652	0.000903298	0
653	0.000902027	0
654	0.000900759	0
655	0.000899496	0
656	0.000898236	0
657	0.000896979	0
658	0.000895727	0
659	0.000894478	0
660	0.000893232	0
661	0.000891991	0
662	0.000890753	0
663	0.000889519	0
664	0.000888288	0
665	0.000887061	0
666	0.000885838	0
667	0.000884618	0
668	0.000883402	0
669	0.000882189	0
670	0.00088098	0
671	0.000879774	0
672	0.000878572	0
673	0.000877373	0
674	0.000876178	0
675	0.000874986	0
676	0.000873797	0
677	0.000872612	0
678	0.000871431	0
679	0.000870252	0
680	0.000869078	0
681	0.000867906	0
682	0.000866738	0
683	0.000865573	0
684	0.000864412	0
685	0.000863253	0
686	0.000862098	0
687	0.000860947	0
688	0.000859798	0
689	0.000858653	0
690	0.000857511	0
691	0.000856372	0
692	0.000855237	0
693	0.000854104	0
694	0.000852975	0
695	0.000851849	0
696	0.000850726	0
697	0.000849607	0
698	0.00084849	0
699	0.000847376	0
700	0.000846266	0
701	0.000845158	0
702	0.000844054	0
703	0.000842953	0
704	0.000841854	0
705	0.000840759	0
706	0.000839667	0
707	0.000838578	0
708	0.000837491	0
709	0.000836408	0
710	0.000835328	0
711	0.00083425	0
712	0.000833176	0
713	0.000832104	0
714	0.000831036	0
715	0.00082997	0
716	0.000828907	0
717	0.000827847	0
718	0.00082679	0
719	0.000825736	0
720	0.000824684	0
721	0.000823636	0
722	0.00082259	0
723	0.000821547	0
724	0.000820507	0
725	0.000819469	0
726	0.000818434	0
727	0.000817402	0
728	0.000816373	0
729	0.000815347	0
730	0.000814323	0
731	0.000813302	0
732	0.000812284	0
733	0.000811268	0
734	0.000810255	0
735	0.000809245	0
736	0.000808237	0
737	0.000807232	0
738	0.00080623	0
739	0.00080523	0
740	0.000804233	0
741	0.000803238	0
742	0.000802246	0
743	0.000801257	0
744	0.00080027	0
745	0.000799286	0
746	0.000798304	0
747	0.000797325	0
748	0.000796348	0
749	0.000795374	0
750	0.000794402	0
751	0.000793433	0
752	0.000792467	0
753	0.000791503	0
754	0.000790541	0
755	0.000789582	0
756	0.000788625	0
757	0.00078767	0
758	0.000786719	0
759	0.000785769	0
760	0.000784822	0
761	0.000783877	0
762	0.000782935	0
763	0.000781995	0
764	0.000781057	0
765	0.000780122	0
766	0.000779189	0
767	0.000778259	0
768	0.000777331	0
769	0.000776405	0
770	0.000775481	0
771	0.00077456	0
772	0.000773641	0
773	0.000772725	0
774	0.00077181	0
775	0.000770898	0
776	0.000769989	0
777	0.000769081	0
778	0.000768176	0
779	0.000767273	0
780	0.000766372	0
781	0.000765473	0
782	0.000764577	0
783	0.000763683	0
784	0.000762791	0
785	0.000761901	0
786	0.000761013	0
787	0.000760128	0
788	0.000759244	0
789	0.000758363	0
790	0.000757484	0
791	0.000756608	0
792	0.000755733	0
793	0.00075486	0
794	0.00075399	0
795	0.000753121	0
796	0.000752255	0
797	0.000751391	0
798	0.000750529	0
799	0.000749669	0
800	0.000748811	0
801	0.000747955	0
802	0.000747101	0
803	0.000746249	0
804	0.000745399	0
805	0.000744552	0
806	0.000743706	0
807	0.000742862	0
808	0.00074202	0
809	0.000741181	0
810	0.000740343	0
811	0.000739507	0
812	0.000738674	0
813	0.000737842	0
814	0.000737012	0
815	0.000736184	0
816	0.000735358	0
817	0.000734534	0
818	0.000733712	0
819	0.000732892	0
820	0.000732074	0
821	0.000731258	0
822	0.000730443	0
823	0.000729631	0
824	0.00072882	0
825	0.000728011	0
826	0.000727205	0
827	0.0007264	0
828	0.000725597	0
829	0.000724795	0
830	0.000723996	0
831	0.000723198	0
832	0.000722403	0
833	0.000721609	0
834	0.000720817	0
835	0.000720027	0
836	0.000719238	0
837	0.000718452	0
838	0.000717667	0
839	0.000716884	0
840	0.000716103	0
841	0.000715323	0
842	0.000714546	0
843	0.00071377	0
844	0.000712996	0
845	0.000712223	0
846	0.000711453	0
847	0.000710684	0
848	0.000709917	0
849	0.000709151	0
850	0.000708388	0
851	0.000707626	0
852	0.000706866	0
853	0.000706107	0
854	0.00070535	0
855	0.000704595	0
856	0.000703842	0
857	0.00070309	0
858	0.00070234	0
859	0.000701592	0
860	0.000700845	0
861	0.0007001	0
862	0.000699356	0
863	0.000698615	0
864	0.000697874	0
865	0.000697136	0
866	0.000696399	0
867	0.000695664	0
868	0.00069493	0
869	0.000694198	0
870	0.000693468	0
871	0.000692739	0
872	0.000692012	0
873	0.000691287	0
874	0.000690563	0
875	0.00068984	0
876	0.000689119	0
877	0.0006884	0
878	0.000687682	0
879	0.000686966	0
880	0.000686252	0
881	0.000685539	0
882	0.000684827	0
883	0.000684117	0
884	0.000683409	0
885	0.000682702	0
886	0.000681997	0
887	0.000681293	0
888	0.000680591	0
889	0.00067989	0
890	0.000679191	0
891	0.000678493	0
892	0.000677797	0
893	0.000677102	0
894	0.000676409	0
895	0.000675717	0
896	0.000675027	0
897	0.000674338	0
898	0.00067365	0
899	0.000672964	0
900	0.00067228	0
901	0.000671597	0
902	0.000670915	0
903	0.000670235	0
904	0.000669557	0
905	0.000668879	0
906	0.000668204	0
907	0.000667529	0
908	0.000666856	0
909	0.000666185	0
910	0.000665514	0
911	0.000664846	0
912	0.000664178	0
913	0.000663512	0
914	0.000662848	0
915	0.000662185	0
916	0.000661523	0
917	0.000660862	0
918	0.000660203	0
919	0.000659546	0
920	0.00065889	0
921	0.000658235	0
922	0.000657581	0
923	0.000656929	0
924	0.000656278	0
925	0.000655628	0
926	0.00065498	0
927	0.000654333	0
928	0.000653688	0
929	0.000653044	0
930	0.000652401	0
931	0.000651759	0
932	0.000651119	0
933	0.00065048	0
934	0.000649842	0
935	0.000649206	0
936	0.000648571	0
937	0.000647937	0
938	0.000647305	0
939	0.000646674	0
940	0.000646044	0
941	0.000645415	0
942	0.000644788	0
943	0.000644162	0
944	0.000643537	0
945	0.000642914	0
946	0.000642291	0
947	0.00064167	0
948	0.000641051	0
949	0.000640432	0
950	0.000639815	0
951	0.000639199	0
952	0.000638584	0
953	0.000637971	0
954	0.000637358	0
955	0.000636747	0
956	0.000636137	0
957	0.000635529	0
958	0.000634921	0
959	0.000634315	0
960	0.00063371	0
961	0.000633106	0
962	0.000632503	0
963	0.000631902	0
964	0.000631302	0
965	0.000630702	0
966	0.000630105	0
967	0.000629508	0
968	0.000628912	0
969	0.000628318	0
970	0.000627725	0
971	0.000627133	0
972	0.000626542	0
973	0.000625952	0
974	0.000625364	0
975	0.000624776	0
976	0.00062419	0
977	0.000623605	0
978	0.000623021	0
979	0.000622438	0
980	0.000621856	0
981	0.000621276	0
982	0.000620696	0
983	0.000620118	0
984	0.000619541	0
985	0.000618965	0
986	0.00061839	0
987	0.000617816	0
988	0.000617243	0
989	0.000616671	0
990	0.000616101	0
991	0.000615531	0
992	0.000614963	0
993	0.000614396	0
994	0.00061383	0
995	0.000613265	0
996	0.000612701	0
997	0.000612138	0
998	0.000611576	0
999	0.000611015	0
1000	0.000610455	0
1 -- 0.998802 0 -- 0.00119803 
1 -- 0.998779 0 -- 0.00122073 
1 -- 0.998767 0 -- 0.00123258 
1 -- 0.998775 0 -- 0.00122457 
1 -- 0.998769 0 -- 0.00123143 
1 -- 0.998786 0 -- 0.00121422 
1 -- 0.998769 0 -- 0.00123109 
1 -- 0.997277 0 -- 0.00272278 
1 -- 0.998565 0 -- 0.00143511 
1 -- 0.998663 0 -- 0.00133725 
1 -- 0.99877 0 -- 0.0012305 
1 -- 0.998758 0 -- 0.00124173 
1 -- 0.998746 0 -- 0.00125356 
1 -- 0.997669 0 -- 0.00233064 
1 -- 0.998572 0 -- 0.00142775 
1 -- 0.998782 0 -- 0.00121755 
1 -- 0.987282 0 -- 0.0127181 
1 -- 0.998292 0 -- 0.00170796 
1 -- 0.998625 0 -- 0.00137472 
1 -- 0.998221 0 -- 0.00177919 
1 -- 0.998793 0 -- 0.00120705 
1 -- 0.998611 0 -- 0.00138888 
0 -- 0.997543 1 -- 0.00245664 
0 -- 8.07366e-05 1 -- 0.999919 
0 -- 5.97259e-05 1 -- 0.99994 
0 -- 5.98464e-05 1 -- 0.99994 
0 -- 5.98071e-05 1 -- 0.99994 
0 -- 5.97332e-05 1 -- 0.99994 
0 -- 5.97456e-05 1 -- 0.99994 
0 -- 6.08041e-05 1 -- 0.999939 
0 -- 6.08041e-05 1 -- 0.999939 
0 -- 5.99306e-05 1 -- 0.99994 
0 -- 6.08041e-05 1 -- 0.999939 
0 -- 5.99799e-05 1 -- 0.99994 
0 -- 6.08153e-05 1 -- 0.999939 
0 -- 6.00627e-05 1 -- 0.99994 
0 -- 6.03323e-05 1 -- 0.99994 
0 -- 6.03323e-05 1 -- 0.99994 
0 -- 6.0975e-05 1 -- 0.999939 
0 -- 6.16977e-05 1 -- 0.999938 
0 -- 7.0574e-05 1 -- 0.999929 
0 -- 0.000208807 1 -- 0.999791 
0 -- 5.99485e-05 1 -- 0.99994 
We end!! => Final test CCR: 97.6744
Iteration	 Training error	 Validation error 
1	0.274553	0
2	0.255935	0
3	0.247565	0
4	0.243354	0
5	0.240535	0
6	0.238376	0
7	0.236586	0
8	0.235029	0
9	0.233644	0
10	0.232399	0
11	0.231276	0
12	0.230263	0
13	0.229344	0
14	0.228506	0
15	0.227737	0
16	0.227026	0
17	0.226363	0
18	0.225742	0
19	0.225158	0
20	0.224605	0
21	0.224081	0
22	0.223583	0
23	0.223108	0
24	0.222655	0
25	0.222223	0
26	0.221809	0
27	0.221412	0
28	0.221032	0
29	0.220668	0
30	0.220318	0
31	0.219982	0
32	0.219659	0
33	0.219348	0
34	0.219049	0
35	0.218761	0
36	0.218483	0
37	0.218216	0
38	0.217958	0
39	0.21771	0
40	0.21747	0
41	0.217239	0
42	0.217017	0
43	0.216802	0
44	0.216595	0
45	0.216395	0
46	0.216203	0
47	0.216018	0
48	0.215839	0
49	0.215667	0
50	0.215501	0
51	0.215342	0
52	0.215188	0
53	0.21504	0
54	0.214898	0
55	0.214761	0
56	0.214629	0
57	0.214502	0
58	0.21438	0
59	0.214263	0
60	0.214149	0
61	0.21404	0
62	0.213935	0
63	0.213833	0
64	0.213735	0
65	0.213641	0
66	0.213549	0
67	0.21346	0
68	0.213374	0
69	0.213291	0
70	0.21321	0
71	0.213131	0
72	0.213054	0
73	0.212979	0
74	0.212906	0
75	0.212834	0
76	0.212763	0
77	0.212694	0
78	0.212626	0
79	0.212559	0
80	0.212492	0
81	0.212426	0
82	0.21236	0
83	0.212294	0
84	0.212229	0
85	0.212163	0
86	0.212096	0
87	0.212029	0
88	0.21196	0
89	0.21189	0
90	0.211819	0
91	0.211745	0
92	0.211668	0
93	0.211588	0
94	0.211505	0
95	0.211417	0
96	0.211323	0
97	0.211223	0
98	0.211116	0
99	0.211001	0
100	0.210876	0
101	0.210741	0
102	0.210594	0
103	0.210434	0
104	0.21026	0
105	0.210074	0
106	0.209876	0
107	0.209668	0
108	0.209454	0
109	0.209237	0
110	0.209021	0
111	0.208812	0
112	0.20861	0
113	0.208418	0
114	0.208236	0
115	0.208064	0
116	0.207901	0
117	0.207744	0
118	0.207593	0
119	0.207445	0
120	0.207301	0
121	0.207158	0
122	0.207015	0
123	0.206871	0
124	0.206726	0
125	0.206578	0
126	0.206427	0
127	0.206271	0
128	0.206108	0
129	0.205939	0
130	0.205761	0
131	0.205573	0
132	0.205373	0
133	0.205158	0
134	0.204927	0
135	0.204676	0
136	0.204403	0
137	0.204103	0
138	0.203772	0
139	0.203406	0
140	0.203001	0
141	0.202553	0
142	0.202057	0
143	0.201512	0
144	0.200917	0
145	0.200274	0
146	0.19959	0
147	0.198872	0
148	0.198133	0
149	0.197389	0
150	0.196654	0
151	0.195944	0
152	0.19527	0
153	0.194636	0
154	0.194044	0
155	0.193489	0
156	0.192968	0
157	0.192474	0
158	0.192004	0
159	0.191553	0
160	0.19112	0
161	0.190701	0
162	0.190297	0
163	0.189905	0
164	0.189524	0
165	0.189153	0
166	0.188792	0
167	0.18844	0
168	0.188096	0
169	0.18776	0
170	0.187431	0
171	0.187109	0
172	0.186794	0
173	0.186486	0
174	0.186183	0
175	0.185887	0
176	0.185596	0
177	0.18531	0
178	0.18503	0
179	0.184755	0
180	0.184485	0
181	0.184219	0
182	0.183958	0
183	0.183702	0
184	0.18345	0
185	0.183202	0
186	0.182959	0
187	0.18272	0
188	0.182484	0
189	0.182253	0
190	0.182025	0
191	0.181802	0
192	0.181581	0
193	0.181365	0
194	0.181152	0
195	0.180942	0
196	0.180736	0
197	0.180533	0
198	0.180333	0
199	0.180137	0
200	0.179943	0
201	0.179753	0
202	0.179566	0
203	0.179382	0
204	0.1792	0
205	0.179022	0
206	0.178846	0
207	0.178673	0
208	0.178503	0
209	0.178335	0
210	0.17817	0
211	0.178008	0
212	0.177848	0
213	0.17769	0
214	0.177535	0
215	0.177382	0
216	0.177232	0
217	0.177084	0
218	0.176938	0
219	0.176795	0
220	0.176653	0
221	0.176514	0
222	0.176377	0
223	0.176242	0
224	0.176109	0
225	0.175978	0
226	0.175848	0
227	0.175721	0
228	0.175596	0
229	0.175472	0
230	0.17535	0
231	0.175231	0
232	0.175112	0
233	0.174996	0
234	0.174881	0
235	0.174768	0
236	0.174656	0
237	0.174546	0
238	0.174438	0
239	0.174331	0
240	0.174226	0
241	0.174122	0
242	0.17402	0
243	0.173919	0
244	0.173819	0
245	0.173721	0
246	0.173624	0
247	0.173529	0
248	0.173434	0
249	0.173341	0
250	0.17325	0
251	0.173159	0
252	0.17307	0
253	0.172982	0
254	0.172895	0
255	0.172809	0
256	0.172724	0
257	0.172641	0
258	0.172558	0
259	0.172477	0
260	0.172397	0
261	0.172317	0
262	0.172239	0
263	0.172161	0
264	0.172085	0
265	0.172009	0
266	0.171935	0
267	0.171861	0
268	0.171788	0
269	0.171716	0
270	0.171645	0
271	0.171575	0
272	0.171506	0
273	0.171437	0
274	0.171369	0
275	0.171302	0
276	0.171236	0
277	0.171171	0
278	0.171106	0
279	0.171042	0
280	0.170978	0
281	0.170916	0
282	0.170854	0
283	0.170792	0
284	0.170732	0
285	0.170672	0
286	0.170612	0
287	0.170553	0
288	0.170495	0
289	0.170438	0
290	0.170381	0
291	0.170324	0
292	0.170268	0
293	0.170213	0
294	0.170158	0
295	0.170104	0
296	0.17005	0
297	0.169996	0
298	0.169944	0
299	0.169891	0
300	0.169839	0
301	0.169788	0
302	0.169737	0
303	0.169686	0
304	0.169636	0
305	0.169586	0
306	0.169537	0
307	0.169488	0
308	0.169439	0
309	0.169391	0
310	0.169343	0
311	0.169295	0
312	0.169248	0
313	0.169201	0
314	0.169154	0
315	0.169108	0
316	0.169062	0
317	0.169016	0
318	0.168971	0
319	0.168926	0
320	0.168881	0
321	0.168836	0
322	0.168792	0
323	0.168747	0
324	0.168703	0
325	0.168659	0
326	0.168616	0
327	0.168572	0
328	0.168529	0
329	0.168486	0
330	0.168443	0
331	0.1684	0
332	0.168357	0
333	0.168315	0
334	0.168272	0
335	0.16823	0
336	0.168188	0
337	0.168145	0
338	0.168103	0
339	0.168061	0
340	0.168019	0
341	0.167977	0
342	0.167935	0
343	0.167892	0
344	0.16785	0
345	0.167808	0
346	0.167766	0
347	0.167723	0
348	0.167681	0
349	0.167638	0
350	0.167596	0
351	0.167553	0
352	0.16751	0
353	0.167467	0
354	0.167423	0
355	0.16738	0
356	0.167336	0
357	0.167292	0
358	0.167247	0
359	0.167202	0
360	0.167157	0
361	0.167112	0
362	0.167066	0
363	0.167019	0
364	0.166973	0
365	0.166925	0
366	0.166877	0
367	0.166828	0
368	0.166779	0
369	0.166729	0
370	0.166679	0
371	0.166627	0
372	0.166574	0
373	0.166521	0
374	0.166467	0
375	0.166411	0
376	0.166354	0
377	0.166296	0
378	0.166237	0
379	0.166176	0
380	0.166113	0
381	0.166048	0
382	0.165982	0
383	0.165913	0
384	0.165842	0
385	0.165768	0
386	0.165691	0
387	0.165611	0
388	0.165526	0
389	0.165438	0
390	0.165345	0
391	0.165246	0
392	0.165141	0
393	0.165028	0
394	0.164907	0
395	0.164775	0
396	0.164631	0
397	0.164472	0
398	0.164295	0
399	0.164094	0
400	0.163865	0
401	0.163598	0
402	0.16328	0
403	0.162895	0
404	0.162412	0
405	0.161789	0
406	0.160947	0
407	0.159748	0
408	0.157914	0
409	0.154826	0
410	0.148876	0
411	0.135223	0
412	0.100957	0
413	0.0565091	0
414	0.0399415	0
415	0.0342372	0
416	0.0306774	0
417	0.027742	0
418	0.0252169	0
419	0.0230277	0
420	0.0211253	0
421	0.0194708	0
422	0.0180314	0
423	0.0167777	0
424	0.0156831	0
425	0.014724	0
426	0.0138799	0
427	0.013133	0
428	0.0124684	0
429	0.0118735	0
430	0.0113381	0
431	0.0108535	0
432	0.0104126	0
433	0.0100095	0
434	0.00963935	0
435	0.00929806	0
436	0.00898216	0
437	0.00868873	0
438	0.00841531	0
439	0.00815978	0
440	0.00792029	0
441	0.00769529	0
442	0.0074834	0
443	0.00728341	0
444	0.00709428	0
445	0.00691508	0
446	0.00674499	0
447	0.00658328	0
448	0.0064293	0
449	0.00628248	0
450	0.00614228	0
451	0.00600825	0
452	0.00587997	0
453	0.00575704	0
454	0.00563912	0
455	0.00552591	0
456	0.00541709	0
457	0.00531243	0
458	0.00521167	0
459	0.00511459	0
460	0.00502098	0
461	0.00493067	0
462	0.00484347	0
463	0.00475923	0
464	0.00467779	0
465	0.00459902	0
466	0.00452278	0
467	0.00444895	0
468	0.00437743	0
469	0.0043081	0
470	0.00424087	0
471	0.00417564	0
472	0.00411233	0
473	0.00405085	0
474	0.00399113	0
475	0.00393308	0
476	0.00387665	0
477	0.00382177	0
478	0.00376838	0
479	0.00371641	0
480	0.00366582	0
481	0.00361654	0
482	0.00356853	0
483	0.00352175	0
484	0.00347614	0
485	0.00343166	0
486	0.00338827	0
487	0.00334594	0
488	0.00330463	0
489	0.00326429	0
490	0.0032249	0
491	0.00318642	0
492	0.00314883	0
493	0.00311209	0
494	0.00307617	0
495	0.00304105	0
496	0.0030067	0
497	0.0029731	0
498	0.00294022	0
499	0.00290804	0
500	0.00287654	0
501	0.0028457	0
502	0.00281549	0
503	0.00278589	0
504	0.0027569	0
505	0.00272848	0
506	0.00270063	0
507	0.00267332	0
508	0.00264655	0
509	0.00262028	0
510	0.00259452	0
511	0.00256924	0
512	0.00254444	0
513	0.00252009	0
514	0.00249619	0
515	0.00247272	0
516	0.00244968	0
517	0.00242704	0
518	0.0024048	0
519	0.00238296	0
520	0.00236149	0
521	0.00234038	0
522	0.00231964	0
523	0.00229925	0
524	0.00227919	0
525	0.00225947	0
526	0.00224007	0
527	0.00222099	0
528	0.00220221	0
529	0.00218373	0
530	0.00216555	0
531	0.00214765	0
532	0.00213003	0
533	0.00211268	0
534	0.0020956	0
535	0.00207877	0
536	0.0020622	0
537	0.00204587	0
538	0.00202979	0
539	0.00201395	0
540	0.00199833	0
541	0.00198294	0
542	0.00196777	0
543	0.00195281	0
544	0.00193807	0
545	0.00192353	0
546	0.0019092	0
547	0.00189506	0
548	0.00188112	0
549	0.00186736	0
550	0.00185379	0
551	0.0018404	0
552	0.00182719	0
553	0.00181415	0
554	0.00180129	0
555	0.00178859	0
556	0.00177605	0
557	0.00176368	0
558	0.00175146	0
559	0.0017394	0
560	0.00172749	0
561	0.00171573	0
562	0.00170411	0
563	0.00169263	0
564	0.0016813	0
565	0.0016701	0
566	0.00165904	0
567	0.00164811	0
568	0.00163732	0
569	0.00162665	0
570	0.0016161	0
571	0.00160568	0
572	0.00159538	0
573	0.0015852	0
574	0.00157513	0
575	0.00156518	0
576	0.00155535	0
577	0.00154562	0
578	0.00153601	0
579	0.0015265	0
580	0.0015171	0
581	0.0015078	0
582	0.0014986	0
583	0.00148951	0
584	0.00148051	0
585	0.00147161	0
586	0.00146281	0
587	0.0014541	0
588	0.00144548	0
589	0.00143695	0
590	0.00142852	0
591	0.00142017	0
592	0.00141191	0
593	0.00140374	0
594	0.00139565	0
595	0.00138765	0
596	0.00137973	0
597	0.00137188	0
598	0.00136412	0
599	0.00135644	0
600	0.00134883	0
601	0.0013413	0
602	0.00133385	0
603	0.00132647	0
604	0.00131916	0
605	0.00131193	0
606	0.00130477	0
607	0.00129767	0
608	0.00129065	0
609	0.00128369	0
610	0.00127681	0
611	0.00126998	0
612	0.00126323	0
613	0.00125654	0
614	0.00124991	0
615	0.00124335	0
616	0.00123684	0
617	0.0012304	0
618	0.00122402	0
619	0.0012177	0
620	0.00121144	0
621	0.00120524	0
622	0.00119909	0
623	0.001193	0
624	0.00118697	0
625	0.00118099	0
626	0.00117507	0
627	0.0011692	0
628	0.00116338	0
629	0.00115762	0
630	0.00115191	0
631	0.00114625	0
632	0.00114064	0
633	0.00113508	0
634	0.00112957	0
635	0.00112411	0
636	0.0011187	0
637	0.00111334	0
638	0.00110802	0
639	0.00110275	0
640	0.00109753	0
641	0.00109235	0
642	0.00108721	0
643	0.00108212	0
644	0.00107708	0
645	0.00107207	0
646	0.00106712	0
647	0.0010622	0
648	0.00105732	0
649	0.00105249	0
650	0.0010477	0
651	0.00104295	0
652	0.00103823	0
653	0.00103356	0
654	0.00102893	0
655	0.00102433	0
656	0.00101978	0
657	0.00101526	0
658	0.00101078	0
659	0.00100633	0
660	0.00100193	0
661	0.000997554	0
662	0.000993218	0
663	0.000988918	0
664	0.000984653	0
665	0.000980422	0
666	0.000976225	0
667	0.000972063	0
668	0.000967933	0
669	0.000963837	0
670	0.000959774	0
671	0.000955742	0
672	0.000951743	0
673	0.000947776	0
674	0.00094384	0
675	0.000939935	0
676	0.000936061	0
677	0.000932217	0
678	0.000928403	0
679	0.000924618	0
680	0.000920863	0
681	0.000917138	0
682	0.000913441	0
683	0.000909772	0
684	0.000906132	0
685	0.000902519	0
686	0.000898934	0
687	0.000895376	0
688	0.000891846	0
689	0.000888342	0
690	0.000884864	0
691	0.000881413	0
692	0.000877988	0
693	0.000874588	0
694	0.000871213	0
695	0.000867864	0
696	0.00086454	0
697	0.00086124	0
698	0.000857964	0
699	0.000854713	0
700	0.000851486	0
701	0.000848282	0
702	0.000845101	0
703	0.000841944	0
704	0.000838809	0
705	0.000835698	0
706	0.000832608	0
707	0.000829541	0
708	0.000826496	0
709	0.000823473	0
710	0.000820471	0
711	0.000817491	0
712	0.000814531	0
713	0.000811593	0
714	0.000808676	0
715	0.000805779	0
716	0.000802902	0
717	0.000800045	0
718	0.000797209	0
719	0.000794392	0
720	0.000791594	0
721	0.000788816	0
722	0.000786058	0
723	0.000783318	0
724	0.000780597	0
725	0.000777894	0
726	0.00077521	0
727	0.000772545	0
728	0.000769897	0
729	0.000767267	0
730	0.000764655	0
731	0.000762061	0
732	0.000759484	0
733	0.000756924	0
734	0.000754382	0
735	0.000751856	0
736	0.000749347	0
737	0.000746855	0
738	0.000744379	0
739	0.00074192	0
740	0.000739476	0
741	0.000737049	0
742	0.000734637	0
743	0.000732241	0
744	0.000729861	0
745	0.000727496	0
746	0.000725147	0
747	0.000722812	0
748	0.000720493	0
749	0.000718188	0
750	0.000715898	0
751	0.000713623	0
752	0.000711362	0
753	0.000709116	0
754	0.000706884	0
755	0.000704665	0
756	0.000702461	0
757	0.000700271	0
758	0.000698094	0
759	0.000695931	0
760	0.000693781	0
761	0.000691645	0
762	0.000689522	0
763	0.000687412	0
764	0.000685314	0
765	0.00068323	0
766	0.000681159	0
767	0.0006791	0
768	0.000677054	0
769	0.00067502	0
770	0.000672998	0
771	0.000670989	0
772	0.000668992	0
773	0.000667007	0
774	0.000665033	0
775	0.000663072	0
776	0.000661122	0
777	0.000659184	0
778	0.000657257	0
779	0.000655342	0
780	0.000653438	0
781	0.000651545	0
782	0.000649663	0
783	0.000647792	0
784	0.000645933	0
785	0.000644084	0
786	0.000642245	0
787	0.000640418	0
788	0.000638601	0
789	0.000636794	0
790	0.000634998	0
791	0.000633212	0
792	0.000631436	0
793	0.000629671	0
794	0.000627915	0
795	0.00062617	0
796	0.000624434	0
797	0.000622708	0
798	0.000620992	0
799	0.000619285	0
800	0.000617588	0
801	0.000615901	0
802	0.000614223	0
803	0.000612554	0
804	0.000610894	0
805	0.000609244	0
806	0.000607603	0
807	0.000605971	0
808	0.000604347	0
809	0.000602733	0
810	0.000601127	0
811	0.000599531	0
812	0.000597943	0
813	0.000596363	0
814	0.000594792	0
815	0.000593229	0
816	0.000591675	0
817	0.00059013	0
818	0.000588592	0
819	0.000587063	0
820	0.000585542	0
821	0.000584029	0
822	0.000582524	0
823	0.000581026	0
824	0.000579537	0
825	0.000578056	0
826	0.000576582	0
827	0.000575116	0
828	0.000573658	0
829	0.000572208	0
830	0.000570765	0
831	0.000569329	0
832	0.000567901	0
833	0.00056648	0
834	0.000565066	0
835	0.00056366	0
836	0.000562261	0
837	0.000560869	0
838	0.000559484	0
839	0.000558107	0
840	0.000556736	0
841	0.000555372	0
842	0.000554015	0
843	0.000552665	0
844	0.000551322	0
845	0.000549985	0
846	0.000548655	0
847	0.000547332	0
848	0.000546015	0
849	0.000544705	0
850	0.000543401	0
851	0.000542104	0
852	0.000540813	0
853	0.000539529	0
854	0.000538251	0
855	0.000536979	0
856	0.000535713	0
857	0.000534453	0
858	0.0005332	0
859	0.000531953	0
860	0.000530711	0
861	0.000529476	0
862	0.000528246	0
863	0.000527023	0
864	0.000525805	0
865	0.000524594	0
866	0.000523388	0
867	0.000522187	0
868	0.000520993	0
869	0.000519804	0
870	0.000518621	0
871	0.000517443	0
872	0.000516271	0
873	0.000515104	0
874	0.000513943	0
875	0.000512787	0
876	0.000511637	0
877	0.000510492	0
878	0.000509352	0
879	0.000508218	0
880	0.000507088	0
881	0.000505964	0
882	0.000504846	0
883	0.000503732	0
884	0.000502623	0
885	0.00050152	0
886	0.000500421	0
887	0.000499328	0
888	0.000498239	0
889	0.000497156	0
890	0.000496077	0
891	0.000495003	0
892	0.000493934	0
893	0.00049287	0
894	0.000491811	0
895	0.000490756	0
896	0.000489706	0
897	0.000488661	0
898	0.00048762	0
899	0.000486584	0
900	0.000485552	0
901	0.000484526	0
902	0.000483503	0
903	0.000482485	0
904	0.000481472	0
905	0.000480463	0
906	0.000479458	0
907	0.000478458	0
908	0.000477462	0
909	0.00047647	0
910	0.000475483	0
911	0.0004745	0
912	0.000473521	0
913	0.000472547	0
914	0.000471576	0
915	0.00047061	0
916	0.000469648	0
917	0.00046869	0
918	0.000467736	0
919	0.000466786	0
920	0.00046584	0
921	0.000464898	0
922	0.00046396	0
923	0.000463027	0
924	0.000462097	0
925	0.00046117	0
926	0.000460248	0
927	0.00045933	0
928	0.000458415	0
929	0.000457504	0
930	0.000456597	0
931	0.000455694	0
932	0.000454795	0
933	0.000453899	0
934	0.000453007	0
935	0.000452118	0
936	0.000451233	0
937	0.000450352	0
938	0.000449475	0
939	0.000448601	0
940	0.00044773	0
941	0.000446863	0
942	0.000446	0
943	0.00044514	0
944	0.000444283	0
945	0.00044343	0
946	0.000442581	0
947	0.000441735	0
948	0.000440892	0
949	0.000440052	0
950	0.000439216	0
951	0.000438384	0
952	0.000437554	0
953	0.000436728	0
954	0.000435905	0
955	0.000435085	0
956	0.000434269	0
957	0.000433456	0
958	0.000432645	0
959	0.000431839	0
960	0.000431035	0
961	0.000430234	0
962	0.000429437	0
963	0.000428642	0
964	0.000427851	0
965	0.000427063	0
966	0.000426278	0
967	0.000425495	0
968	0.000424716	0
969	0.00042394	0
970	0.000423167	0
971	0.000422396	0
972	0.000421629	0
973	0.000420865	0
974	0.000420103	0
975	0.000419345	0
976	0.000418589	0
977	0.000417836	0
978	0.000417086	0
979	0.000416339	0
980	0.000415594	0
981	0.000414853	0
982	0.000414114	0
983	0.000413378	0
984	0.000412644	0
985	0.000411914	0
986	0.000411186	0
987	0.000410461	0
988	0.000409738	0
989	0.000409018	0
990	0.000408301	0
991	0.000407587	0
992	0.000406875	0
993	0.000406165	0
994	0.000405459	0
995	0.000404754	0
996	0.000404053	0
997	0.000403354	0
998	0.000402657	0
999	0.000401963	0
1000	0.000401272	0
1 -- 0.999817 0 -- 0.000183213 
1 -- 0.999814 0 -- 0.000186025 
1 -- 0.999788 0 -- 0.000211576 
1 -- 0.999813 0 -- 0.000187179 
1 -- 0.999706 0 -- 0.000294341 
1 -- 0.999743 0 -- 0.000257485 
1 -- 0.999804 0 -- 0.000196028 
1 -- 0.999745 0 -- 0.000254513 
1 -- 0.999748 0 -- 0.000251712 
1 -- 0.999555 0 -- 0.000445047 
1 -- 0.999646 0 -- 0.000353794 
1 -- 0.999792 0 -- 0.000207503 
1 -- 0.999741 0 -- 0.000258692 
1 -- 0.995499 0 -- 0.00450064 
1 -- 0.999758 0 -- 0.000242388 
1 -- 0.999788 0 -- 0.000212307 
1 -- 0.99967 0 -- 0.000330035 
1 -- 0.999735 0 -- 0.000264558 
1 -- 0.999523 0 -- 0.00047731 
1 -- 0.999634 0 -- 0.000365831 
1 -- 0.998728 0 -- 0.00127236 
1 -- 0.99836 0 -- 0.00163996 
0 -- 0.998949 1 -- 0.00105116 
0 -- 0.00108091 1 -- 0.998919 
0 -- 0.000896695 1 -- 0.999103 
0 -- 0.000896641 1 -- 0.999103 
0 -- 0.000896679 1 -- 0.999103 
0 -- 0.000896695 1 -- 0.999103 
0 -- 0.000896666 1 -- 0.999103 
0 -- 0.000896859 1 -- 0.999103 
0 -- 0.000896859 1 -- 0.999103 
0 -- 0.000896755 1 -- 0.999103 
0 -- 0.000896859 1 -- 0.999103 
0 -- 0.000898717 1 -- 0.999101 
0 -- 0.000901115 1 -- 0.999099 
0 -- 0.000897699 1 -- 0.999102 
0 -- 0.000896959 1 -- 0.999103 
0 -- 0.000896959 1 -- 0.999103 
0 -- 0.000897388 1 -- 0.999103 
0 -- 0.0009351 1 -- 0.999065 
0 -- 0.000899395 1 -- 0.999101 
0 -- 0.00106627 1 -- 0.998934 
0 -- 0.000899407 1 -- 0.999101 
We end!! => Final test CCR: 97.6744
WE HAVE FINISHED WITH ALL THE SEEDS
FINAL REPORT
*************
Train error (Mean +- SD): 0.0355402 +- 0.0699472
Test error (Mean +- SD): 0.0952655 +- 0.0455377
Train CCR (Mean +- SD): 89.9213 +- 20.1575
Test CCR (Mean +- SD): 87.907 +- 19.5349
