Iteration	 Training error	 Validation error 
1	0.350928	0
2	0.251523	0
3	0.236032	0
4	0.225219	0
5	0.21518	0
6	0.211339	0
7	0.208265	0
8	0.205531	0
9	0.203226	0
10	0.201023	0
11	0.198544	0
12	0.195225	0
13	0.189955	0
14	0.180471	0
15	0.163084	0
16	0.136453	0
17	0.10904	0
18	0.0906112	0
19	0.0807412	0
20	0.0753047	0
21	0.0717943	0
22	0.0691732	0
23	0.0670374	0
24	0.0652115	0
25	0.0636081	0
26	0.062178	0
27	0.0608908	0
28	0.0597268	0
29	0.0586715	0
30	0.0577143	0
31	0.056846	0
32	0.0560582	0
33	0.0553428	0
34	0.0546913	0
35	0.0540953	0
36	0.053546	0
37	0.0530351	0
38	0.052554	0
39	0.0520944	0
40	0.0516478	0
41	0.0512052	0
42	0.050757	0
43	0.0502918	0
44	0.0497958	0
45	0.0492514	0
46	0.048635	0
47	0.0479144	0
48	0.0470453	0
49	0.0459675	0
50	0.0446059	0
51	0.0428901	0
52	0.0408189	0
53	0.038579	0
54	0.0365696	0
55	0.0350965	0
56	0.0340423	0
57	0.0331144	0
58	0.0322274	0
59	0.0314062	0
60	0.030644	0
61	0.0299268	0
62	0.0292467	0
63	0.0285952	0
64	0.027963	0
65	0.027341	0
66	0.0267197	0
67	0.0260889	0
68	0.0254382	0
69	0.0247568	0
70	0.0240344	0
71	0.0232625	0
72	0.022437	0
73	0.0215609	0
74	0.0206471	0
75	0.0197182	0
76	0.018802	0
77	0.017925	0
78	0.0171067	0
79	0.0163575	0
80	0.0156797	0
81	0.0150697	0
82	0.0145208	0
83	0.0140255	0
84	0.0135765	0
85	0.0131672	0
86	0.012792	0
87	0.0124459	0
88	0.0121252	0
89	0.0118265	0
90	0.011547	0
91	0.0112846	0
92	0.0110372	0
93	0.0108034	0
94	0.0105817	0
95	0.0103709	0
96	0.0101701	0
97	0.00997847	0
98	0.00979517	0
99	0.00961957	0
100	0.0094511	0
101	0.00928923	0
102	0.00913351	0
103	0.00898352	0
104	0.0088389	0
105	0.00869931	0
106	0.00856445	0
107	0.00843404	0
108	0.00830783	0
109	0.00818558	0
110	0.00806709	0
111	0.00795216	0
112	0.00784061	0
113	0.00773227	0
114	0.00762698	0
115	0.0075246	0
116	0.007425	0
117	0.00732805	0
118	0.00723363	0
119	0.00714162	0
120	0.00705194	0
121	0.00696448	0
122	0.00687914	0
123	0.00679585	0
124	0.00671451	0
125	0.00663506	0
126	0.00655743	0
127	0.00648153	0
128	0.00640732	0
129	0.00633471	0
130	0.00626367	0
131	0.00619413	0
132	0.00612604	0
133	0.00605934	0
134	0.005994	0
135	0.00592996	0
136	0.00586719	0
137	0.00580563	0
138	0.00574526	0
139	0.00568603	0
140	0.00562791	0
141	0.00557087	0
142	0.00551486	0
143	0.00545986	0
144	0.00540584	0
145	0.00535277	0
146	0.00530063	0
147	0.00524938	0
148	0.00519899	0
149	0.00514946	0
150	0.00510075	0
151	0.00505284	0
152	0.0050057	0
153	0.00495933	0
154	0.00491369	0
155	0.00486878	0
156	0.00482456	0
157	0.00478103	0
158	0.00473816	0
159	0.00469594	0
160	0.00465436	0
161	0.0046134	0
162	0.00457304	0
163	0.00453328	0
164	0.00449409	0
165	0.00445547	0
166	0.0044174	0
167	0.00437987	0
168	0.00434287	0
169	0.00430639	0
170	0.00427041	0
171	0.00423493	0
172	0.00419994	0
173	0.00416543	0
174	0.00413139	0
175	0.00409781	0
176	0.00406467	0
177	0.00403199	0
178	0.00399973	0
179	0.00396791	0
180	0.0039365	0
181	0.00390551	0
182	0.00387493	0
183	0.00384474	0
184	0.00381495	0
185	0.00378554	0
186	0.00375652	0
187	0.00372787	0
188	0.00369959	0
189	0.00367167	0
190	0.00364411	0
191	0.0036169	0
192	0.00359005	0
193	0.00356353	0
194	0.00353736	0
195	0.00351152	0
196	0.003486	0
197	0.00346081	0
198	0.00343594	0
199	0.00341139	0
200	0.00338715	0
201	0.00336321	0
202	0.00333958	0
203	0.00331625	0
204	0.00329321	0
205	0.00327046	0
206	0.003248	0
207	0.00322583	0
208	0.00320393	0
209	0.00318231	0
210	0.00316096	0
211	0.00313987	0
212	0.00311906	0
213	0.0030985	0
214	0.0030782	0
215	0.00305816	0
216	0.00303836	0
217	0.00301882	0
218	0.00299951	0
219	0.00298045	0
220	0.00296162	0
221	0.00294303	0
222	0.00292466	0
223	0.00290653	0
224	0.00288861	0
225	0.00287092	0
226	0.00285344	0
227	0.00283618	0
228	0.00281913	0
229	0.00280228	0
230	0.00278564	0
231	0.0027692	0
232	0.00275296	0
233	0.00273691	0
234	0.00272105	0
235	0.00270539	0
236	0.00268991	0
237	0.00267461	0
238	0.0026595	0
239	0.00264456	0
240	0.0026298	0
241	0.00261521	0
242	0.00260079	0
243	0.00258654	0
244	0.00257246	0
245	0.00255853	0
246	0.00254476	0
247	0.00253116	0
248	0.0025177	0
249	0.0025044	0
250	0.00249125	0
251	0.00247824	0
252	0.00246538	0
253	0.00245267	0
254	0.00244009	0
255	0.00242766	0
256	0.00241536	0
257	0.00240319	0
258	0.00239116	0
259	0.00237925	0
260	0.00236748	0
261	0.00235583	0
262	0.0023443	0
263	0.0023329	0
264	0.00232162	0
265	0.00231046	0
266	0.00229941	0
267	0.00228848	0
268	0.00227766	0
269	0.00226696	0
270	0.00225636	0
271	0.00224587	0
272	0.00223549	0
273	0.00222522	0
274	0.00221505	0
275	0.00220498	0
276	0.00219501	0
277	0.00218514	0
278	0.00217537	0
279	0.00216569	0
280	0.00215611	0
281	0.00214662	0
282	0.00213723	0
283	0.00212792	0
284	0.00211871	0
285	0.00210958	0
286	0.00210054	0
287	0.00209159	0
288	0.00208272	0
289	0.00207393	0
290	0.00206523	0
291	0.00205661	0
292	0.00204807	0
293	0.0020396	0
294	0.00203122	0
295	0.00202291	0
296	0.00201468	0
297	0.00200652	0
298	0.00199843	0
299	0.00199042	0
300	0.00198248	0
301	0.00197461	0
302	0.00196681	0
303	0.00195908	0
304	0.00195141	0
305	0.00194382	0
306	0.00193629	0
307	0.00192882	0
308	0.00192142	0
309	0.00191408	0
310	0.00190681	0
311	0.0018996	0
312	0.00189245	0
313	0.00188536	0
314	0.00187832	0
315	0.00187135	0
316	0.00186444	0
317	0.00185758	0
318	0.00185078	0
319	0.00184403	0
320	0.00183734	0
321	0.00183071	0
322	0.00182413	0
323	0.0018176	0
324	0.00181113	0
325	0.0018047	0
326	0.00179833	0
327	0.00179201	0
328	0.00178574	0
329	0.00177952	0
330	0.00177334	0
331	0.00176722	0
332	0.00176114	0
333	0.00175511	0
334	0.00174913	0
335	0.00174319	0
336	0.0017373	0
337	0.00173145	0
338	0.00172565	0
339	0.00171989	0
340	0.00171417	0
341	0.0017085	0
342	0.00170287	0
343	0.00169728	0
344	0.00169173	0
345	0.00168623	0
346	0.00168076	0
347	0.00167533	0
348	0.00166995	0
349	0.0016646	0
350	0.00165929	0
351	0.00165402	0
352	0.00164879	0
353	0.00164359	0
354	0.00163844	0
355	0.00163331	0
356	0.00162823	0
357	0.00162318	0
358	0.00161816	0
359	0.00161319	0
360	0.00160824	0
361	0.00160333	0
362	0.00159845	0
363	0.00159361	0
364	0.0015888	0
365	0.00158402	0
366	0.00157928	0
367	0.00157457	0
368	0.00156989	0
369	0.00156524	0
370	0.00156062	0
371	0.00155603	0
372	0.00155148	0
373	0.00154695	0
374	0.00154245	0
375	0.00153799	0
376	0.00153355	0
377	0.00152914	0
378	0.00152476	0
379	0.00152041	0
380	0.00151608	0
381	0.00151179	0
382	0.00150752	0
383	0.00150328	0
384	0.00149906	0
385	0.00149488	0
386	0.00149072	0
387	0.00148658	0
388	0.00148247	0
389	0.00147839	0
390	0.00147433	0
391	0.0014703	0
392	0.00146629	0
393	0.00146231	0
394	0.00145835	0
395	0.00145441	0
396	0.0014505	0
397	0.00144662	0
398	0.00144275	0
399	0.00143891	0
400	0.0014351	0
401	0.0014313	0
402	0.00142753	0
403	0.00142378	0
404	0.00142005	0
405	0.00141635	0
406	0.00141267	0
407	0.001409	0
408	0.00140536	0
409	0.00140175	0
410	0.00139815	0
411	0.00139457	0
412	0.00139102	0
413	0.00138748	0
414	0.00138396	0
415	0.00138047	0
416	0.00137699	0
417	0.00137354	0
418	0.0013701	0
419	0.00136668	0
420	0.00136329	0
421	0.00135991	0
422	0.00135655	0
423	0.00135321	0
424	0.00134988	0
425	0.00134658	0
426	0.00134329	0
427	0.00134003	0
428	0.00133678	0
429	0.00133354	0
430	0.00133033	0
431	0.00132713	0
432	0.00132395	0
433	0.00132079	0
434	0.00131764	0
435	0.00131451	0
436	0.0013114	0
437	0.00130831	0
438	0.00130523	0
439	0.00130216	0
440	0.00129912	0
441	0.00129609	0
442	0.00129307	0
443	0.00129007	0
444	0.00128709	0
445	0.00128412	0
446	0.00128117	0
447	0.00127823	0
448	0.00127531	0
449	0.0012724	0
450	0.00126951	0
451	0.00126663	0
452	0.00126377	0
453	0.00126092	0
454	0.00125808	0
455	0.00125526	0
456	0.00125246	0
457	0.00124967	0
458	0.00124689	0
459	0.00124413	0
460	0.00124138	0
461	0.00123864	0
462	0.00123592	0
463	0.00123321	0
464	0.00123051	0
465	0.00122783	0
466	0.00122516	0
467	0.0012225	0
468	0.00121986	0
469	0.00121722	0
470	0.00121461	0
471	0.001212	0
472	0.00120941	0
473	0.00120682	0
474	0.00120426	0
475	0.0012017	0
476	0.00119916	0
477	0.00119662	0
478	0.0011941	0
479	0.00119159	0
480	0.0011891	0
481	0.00118661	0
482	0.00118414	0
483	0.00118168	0
484	0.00117923	0
485	0.00117679	0
486	0.00117436	0
487	0.00117194	0
488	0.00116954	0
489	0.00116714	0
490	0.00116476	0
491	0.00116238	0
492	0.00116002	0
493	0.00115767	0
494	0.00115533	0
495	0.001153	0
496	0.00115068	0
497	0.00114837	0
498	0.00114607	0
499	0.00114378	0
500	0.0011415	0
501	0.00113923	0
502	0.00113698	0
503	0.00113473	0
504	0.00113249	0
505	0.00113026	0
506	0.00112804	0
507	0.00112583	0
508	0.00112363	0
509	0.00112144	0
510	0.00111926	0
511	0.00111709	0
512	0.00111493	0
513	0.00111277	0
514	0.00111063	0
515	0.0011085	0
516	0.00110637	0
517	0.00110425	0
518	0.00110215	0
519	0.00110005	0
520	0.00109796	0
521	0.00109588	0
522	0.00109381	0
523	0.00109174	0
524	0.00108969	0
525	0.00108764	0
526	0.00108561	0
527	0.00108358	0
528	0.00108156	0
529	0.00107954	0
530	0.00107754	0
531	0.00107554	0
532	0.00107356	0
533	0.00107158	0
534	0.00106961	0
535	0.00106764	0
536	0.00106569	0
537	0.00106374	0
538	0.0010618	0
539	0.00105987	0
540	0.00105794	0
541	0.00105603	0
542	0.00105412	0
543	0.00105222	0
544	0.00105032	0
545	0.00104844	0
546	0.00104656	0
547	0.00104469	0
548	0.00104283	0
549	0.00104097	0
550	0.00103912	0
551	0.00103728	0
552	0.00103544	0
553	0.00103362	0
554	0.0010318	0
555	0.00102998	0
556	0.00102818	0
557	0.00102638	0
558	0.00102459	0
559	0.0010228	0
560	0.00102102	0
561	0.00101925	0
562	0.00101749	0
563	0.00101573	0
564	0.00101398	0
565	0.00101223	0
566	0.00101049	0
567	0.00100876	0
568	0.00100704	0
569	0.00100532	0
570	0.00100361	0
571	0.0010019	0
572	0.0010002	0
573	0.000998508	0
574	0.000996821	0
575	0.000995141	0
576	0.000993467	0
577	0.000991799	0
578	0.000990137	0
579	0.000988481	0
580	0.000986831	0
581	0.000985188	0
582	0.00098355	0
583	0.000981919	0
584	0.000980293	0
585	0.000978673	0
586	0.000977059	0
587	0.000975451	0
588	0.000973849	0
589	0.000972252	0
590	0.000970662	0
591	0.000969077	0
592	0.000967497	0
593	0.000965924	0
594	0.000964355	0
595	0.000962793	0
596	0.000961236	0
597	0.000959684	0
598	0.000958138	0
599	0.000956598	0
600	0.000955063	0
601	0.000953533	0
602	0.000952009	0
603	0.00095049	0
604	0.000948976	0
605	0.000947468	0
606	0.000945965	0
607	0.000944467	0
608	0.000942974	0
609	0.000941486	0
610	0.000940004	0
611	0.000938526	0
612	0.000937054	0
613	0.000935587	0
614	0.000934125	0
615	0.000932667	0
616	0.000931215	0
617	0.000929768	0
618	0.000928325	0
619	0.000926888	0
620	0.000925455	0
621	0.000924027	0
622	0.000922604	0
623	0.000921186	0
624	0.000919773	0
625	0.000918364	0
626	0.00091696	0
627	0.00091556	0
628	0.000914166	0
629	0.000912776	0
630	0.00091139	0
631	0.000910009	0
632	0.000908633	0
633	0.000907261	0
634	0.000905894	0
635	0.000904531	0
636	0.000903173	0
637	0.000901819	0
638	0.00090047	0
639	0.000899125	0
640	0.000897784	0
641	0.000896448	0
642	0.000895116	0
643	0.000893788	0
644	0.000892465	0
645	0.000891146	0
646	0.000889831	0
647	0.00088852	0
648	0.000887214	0
649	0.000885911	0
650	0.000884613	0
651	0.000883319	0
652	0.000882029	0
653	0.000880744	0
654	0.000879462	0
655	0.000878184	0
656	0.000876911	0
657	0.000875641	0
658	0.000874375	0
659	0.000873114	0
660	0.000871856	0
661	0.000870602	0
662	0.000869353	0
663	0.000868107	0
664	0.000866865	0
665	0.000865626	0
666	0.000864392	0
667	0.000863161	0
668	0.000861935	0
669	0.000860712	0
670	0.000859493	0
671	0.000858277	0
672	0.000857065	0
673	0.000855857	0
674	0.000854653	0
675	0.000853452	0
676	0.000852255	0
677	0.000851062	0
678	0.000849872	0
679	0.000848686	0
680	0.000847504	0
681	0.000846325	0
682	0.000845149	0
683	0.000843977	0
684	0.000842809	0
685	0.000841644	0
686	0.000840483	0
687	0.000839325	0
688	0.000838171	0
689	0.000837019	0
690	0.000835872	0
691	0.000834728	0
692	0.000833587	0
693	0.000832449	0
694	0.000831315	0
695	0.000830185	0
696	0.000829057	0
697	0.000827933	0
698	0.000826812	0
699	0.000825695	0
700	0.000824581	0
701	0.00082347	0
702	0.000822362	0
703	0.000821257	0
704	0.000820156	0
705	0.000819058	0
706	0.000817963	0
707	0.000816871	0
708	0.000815782	0
709	0.000814697	0
710	0.000813614	0
711	0.000812535	0
712	0.000811459	0
713	0.000810386	0
714	0.000809316	0
715	0.000808249	0
716	0.000807185	0
717	0.000806124	0
718	0.000805066	0
719	0.000804011	0
720	0.000802959	0
721	0.00080191	0
722	0.000800863	0
723	0.00079982	0
724	0.00079878	0
725	0.000797743	0
726	0.000796708	0
727	0.000795677	0
728	0.000794648	0
729	0.000793623	0
730	0.0007926	0
731	0.00079158	0
732	0.000790562	0
733	0.000789548	0
734	0.000788536	0
735	0.000787528	0
736	0.000786521	0
737	0.000785518	0
738	0.000784518	0
739	0.00078352	0
740	0.000782525	0
741	0.000781533	0
742	0.000780543	0
743	0.000779556	0
744	0.000778572	0
745	0.00077759	0
746	0.000776611	0
747	0.000775635	0
748	0.000774661	0
749	0.00077369	0
750	0.000772722	0
751	0.000771756	0
752	0.000770793	0
753	0.000769832	0
754	0.000768874	0
755	0.000767919	0
756	0.000766966	0
757	0.000766016	0
758	0.000765068	0
759	0.000764122	0
760	0.00076318	0
761	0.000762239	0
762	0.000761301	0
763	0.000760366	0
764	0.000759433	0
765	0.000758503	0
766	0.000757575	0
767	0.000756649	0
768	0.000755726	0
769	0.000754805	0
770	0.000753887	0
771	0.000752971	0
772	0.000752058	0
773	0.000751147	0
774	0.000750238	0
775	0.000749331	0
776	0.000748427	0
777	0.000747526	0
778	0.000746626	0
779	0.000745729	0
780	0.000744834	0
781	0.000743942	0
782	0.000743052	0
783	0.000742164	0
784	0.000741278	0
785	0.000740395	0
786	0.000739514	0
787	0.000738635	0
788	0.000737758	0
789	0.000736884	0
790	0.000736012	0
791	0.000735142	0
792	0.000734274	0
793	0.000733408	0
794	0.000732545	0
795	0.000731684	0
796	0.000730825	0
797	0.000729968	0
798	0.000729113	0
799	0.000728261	0
800	0.00072741	0
801	0.000726562	0
802	0.000725716	0
803	0.000724871	0
804	0.000724029	0
805	0.00072319	0
806	0.000722352	0
807	0.000721516	0
808	0.000720682	0
809	0.000719851	0
810	0.000719021	0
811	0.000718194	0
812	0.000717368	0
813	0.000716545	0
814	0.000715723	0
815	0.000714904	0
816	0.000714086	0
817	0.000713271	0
818	0.000712457	0
819	0.000711646	0
820	0.000710836	0
821	0.000710029	0
822	0.000709223	0
823	0.00070842	0
824	0.000707618	0
825	0.000706818	0
826	0.00070602	0
827	0.000705224	0
828	0.00070443	0
829	0.000703638	0
830	0.000702848	0
831	0.00070206	0
832	0.000701274	0
833	0.000700489	0
834	0.000699706	0
835	0.000698926	0
836	0.000698147	0
837	0.00069737	0
838	0.000696594	0
839	0.000695821	0
840	0.000695049	0
841	0.00069428	0
842	0.000693512	0
843	0.000692746	0
844	0.000691981	0
845	0.000691219	0
846	0.000690458	0
847	0.000689699	0
848	0.000688942	0
849	0.000688187	0
850	0.000687433	0
851	0.000686681	0
852	0.000685931	0
853	0.000685183	0
854	0.000684436	0
855	0.000683691	0
856	0.000682948	0
857	0.000682207	0
858	0.000681467	0
859	0.000680729	0
860	0.000679993	0
861	0.000679258	0
862	0.000678525	0
863	0.000677794	0
864	0.000677064	0
865	0.000676336	0
866	0.00067561	0
867	0.000674886	0
868	0.000674163	0
869	0.000673441	0
870	0.000672722	0
871	0.000672004	0
872	0.000671287	0
873	0.000670573	0
874	0.000669859	0
875	0.000669148	0
876	0.000668438	0
877	0.00066773	0
878	0.000667023	0
879	0.000666318	0
880	0.000665614	0
881	0.000664912	0
882	0.000664212	0
883	0.000663513	0
884	0.000662816	0
885	0.00066212	0
886	0.000661426	0
887	0.000660733	0
888	0.000660042	0
889	0.000659353	0
890	0.000658665	0
891	0.000657978	0
892	0.000657293	0
893	0.00065661	0
894	0.000655928	0
895	0.000655248	0
896	0.000654569	0
897	0.000653891	0
898	0.000653215	0
899	0.000652541	0
900	0.000651868	0
901	0.000651196	0
902	0.000650526	0
903	0.000649858	0
904	0.00064919	0
905	0.000648525	0
906	0.000647861	0
907	0.000647198	0
908	0.000646536	0
909	0.000645876	0
910	0.000645218	0
911	0.000644561	0
912	0.000643905	0
913	0.000643251	0
914	0.000642598	0
915	0.000641947	0
916	0.000641297	0
917	0.000640648	0
918	0.000640001	0
919	0.000639355	0
920	0.000638711	0
921	0.000638068	0
922	0.000637426	0
923	0.000636785	0
924	0.000636147	0
925	0.000635509	0
926	0.000634873	0
927	0.000634238	0
928	0.000633604	0
929	0.000632972	0
930	0.000632341	0
931	0.000631711	0
932	0.000631083	0
933	0.000630456	0
934	0.000629831	0
935	0.000629206	0
936	0.000628583	0
937	0.000627962	0
938	0.000627341	0
939	0.000626722	0
940	0.000626104	0
941	0.000625488	0
942	0.000624873	0
943	0.000624259	0
944	0.000623646	0
945	0.000623035	0
946	0.000622425	0
947	0.000621816	0
948	0.000621208	0
949	0.000620602	0
950	0.000619997	0
951	0.000619393	0
952	0.00061879	0
953	0.000618189	0
954	0.000617589	0
955	0.00061699	0
956	0.000616392	0
957	0.000615796	0
958	0.000615201	0
959	0.000614607	0
960	0.000614014	0
961	0.000613422	0
962	0.000612832	0
963	0.000612243	0
964	0.000611655	0
965	0.000611068	0
966	0.000610483	0
967	0.000609898	0
968	0.000609315	0
969	0.000608733	0
970	0.000608152	0
971	0.000607572	0
972	0.000606994	0
973	0.000606416	0
974	0.00060584	0
975	0.000605265	0
976	0.000604691	0
977	0.000604119	0
978	0.000603547	0
979	0.000602976	0
980	0.000602407	0
981	0.000601839	0
982	0.000601272	0
983	0.000600706	0
984	0.000600141	0
985	0.000599577	0
986	0.000599015	0
987	0.000598453	0
988	0.000597893	0
989	0.000597334	0
990	0.000596776	0
991	0.000596219	0
992	0.000595663	0
993	0.000595108	0
994	0.000594554	0
995	0.000594001	0
996	0.00059345	0
997	0.000592899	0
998	0.00059235	0
999	0.000591802	0
1000	0.000591254	0