Iteration	 Training error	 Validation error 
1	0.317819	0
2	0.294246	0
3	0.292189	0
4	0.288596	0
5	0.285192	0
6	0.282543	0
7	0.280016	0
8	0.277476	0
9	0.27487	0
10	0.272182	0
11	0.269423	0
12	0.266563	0
13	0.263549	0
14	0.260339	0
15	0.25691	0
16	0.25326	0
17	0.249374	0
18	0.245219	0
19	0.240825	0
20	0.236304	0
21	0.231704	0
22	0.227049	0
23	0.222389	0
24	0.217787	0
25	0.213269	0
26	0.208818	0
27	0.204434	0
28	0.200138	0
29	0.195948	0
30	0.191891	0
31	0.187973	0
32	0.184171	0
33	0.180443	0
34	0.176749	0
35	0.173087	0
36	0.169479	0
37	0.165961	0
38	0.16257	0
39	0.159322	0
40	0.15617	0
41	0.153045	0
42	0.150038	0
43	0.14727	0
44	0.144706	0
45	0.142258	0
46	0.139871	0
47	0.137586	0
48	0.135401	0
49	0.133272	0
50	0.131152	0
51	0.129056	0
52	0.12702	0
53	0.125049	0
54	0.123097	0
55	0.121152	0
56	0.119265	0
57	0.117467	0
58	0.115693	0
59	0.113911	0
60	0.112144	0
61	0.110416	0
62	0.108684	0
63	0.106985	0
64	0.105312	0
65	0.103647	0
66	0.10198	0
67	0.1003	0
68	0.0987314	0
69	0.097035	0
70	0.0955648	0
71	0.0940255	0
72	0.0929611	0
73	0.0910897	0
74	0.0900829	0
75	0.088387	0
76	0.08845	0
77	0.0855731	0
78	0.0870727	0
79	0.0837904	0
80	0.0875517	0
81	0.0816357	0
82	0.0852407	0
83	0.0797268	0
84	0.0860913	0
85	0.0790589	0
86	0.0852059	0
87	0.0781259	0
88	0.0839639	0
89	0.0821689	0
90	0.0768587	0
91	0.0807221	0
92	0.0721661	0
93	0.0794441	0
94	0.0714114	0
95	0.0773678	0
96	0.069576	0
97	0.0726706	0
98	0.0698871	0
99	0.0686177	0
100	0.0696136	0
101	0.0646125	0
102	0.067524	0
103	0.0630367	0
104	0.0657007	0
105	0.0624238	0
106	0.0621633	0
107	0.061581	0
108	0.0602391	0
109	0.0606116	0
110	0.0584233	0
111	0.0595515	0
112	0.0571682	0
113	0.05954	0
114	0.0558216	0
115	0.0591784	0
116	0.0548717	0
117	0.0575963	0
118	0.0545435	0
119	0.0572488	0
120	0.0539468	0
121	0.0572023	0
122	0.0543034	0
123	0.0553349	0
124	0.0550987	0
125	0.0556169	0
126	0.0545337	0
127	0.0609545	0
128	0.0568651	0
129	0.0598119	0
130	0.0590876	0
131	0.0627764	0
132	0.076268	0
133	0.0546165	0
134	0.086474	0
135	0.0502173	0
136	0.080514	0
137	0.059842	0
138	0.0590246	0
139	0.0590928	0
140	0.0537053	0
141	0.0558038	0
142	0.0509845	0
143	0.0501966	0
144	0.0483049	0
145	0.0484709	0
146	0.045643	0
147	0.0460637	0
148	0.044244	0
149	0.0440792	0
150	0.0435327	0
151	0.0423917	0
152	0.0423188	0
153	0.0415927	0
154	0.0419395	0
155	0.0412721	0
156	0.0409816	0
157	0.0406721	0
158	0.0406089	0
159	0.0407055	0
160	0.0395934	0
161	0.0402507	0
162	0.0389933	0
163	0.0398603	0
164	0.0386992	0
165	0.0386089	0
166	0.0383381	0
167	0.0379838	0
168	0.0379381	0
169	0.0372435	0
170	0.0371265	0
171	0.0367778	0
172	0.0366686	0
173	0.0363255	0
174	0.0358412	0
175	0.0355394	0
176	0.035244	0
177	0.0350059	0
178	0.0346685	0
179	0.0342016	0
180	0.0338971	0
181	0.0336964	0
182	0.0335235	0
183	0.033323	0
184	0.0331032	0
185	0.0328996	0
186	0.0327222	0
187	0.0325562	0
188	0.0323894	0
189	0.0322317	0
190	0.0320844	0
191	0.0319361	0
192	0.0317759	0
193	0.0316096	0
194	0.0314515	0
195	0.0313049	0
196	0.031162	0
197	0.0310175	0
198	0.0308775	0
199	0.0307469	0
200	0.0306218	0
201	0.0304946	0
202	0.030364	0
203	0.0302356	0
204	0.0301127	0
205	0.029993	0
206	0.0298744	0
207	0.0297627	0
208	0.0296628	0
209	0.02956	0
210	0.0294464	0
211	0.0293228	0
212	0.0291849	0
213	0.0290408	0
214	0.0289115	0
215	0.0287978	0
216	0.0286892	0
217	0.0285765	0
218	0.0284644	0
219	0.0283594	0
220	0.0282593	0
221	0.0281593	0
222	0.0280578	0
223	0.0279576	0
224	0.0278599	0
225	0.0277623	0
226	0.0276628	0
227	0.027562	0
228	0.0274616	0
229	0.027362	0
230	0.0272626	0
231	0.0271633	0
232	0.027065	0
233	0.0269689	0
234	0.0268754	0
235	0.0267842	0
236	0.026695	0
237	0.0266084	0
238	0.0265241	0
239	0.0264415	0
240	0.0263599	0
241	0.0262797	0
242	0.0262012	0
243	0.0261241	0
244	0.0260478	0
245	0.0259719	0
246	0.0258966	0
247	0.0258219	0
248	0.0257478	0
249	0.025674	0
250	0.0256006	0
251	0.025528	0
252	0.0254561	0
253	0.0253845	0
254	0.0253126	0
255	0.0252393	0
256	0.0251628	0
257	0.0250794	0
258	0.0249843	0
259	0.0248762	0
260	0.0247689	0
261	0.02468	0
262	0.0246063	0
263	0.0245373	0
264	0.0244684	0
265	0.0243982	0
266	0.0243259	0
267	0.0242487	0
268	0.0241583	0
269	0.024041	0
270	0.0239117	0
271	0.0237736	0
272	0.0236255	0
273	0.0235549	0
274	0.0234889	0
275	0.0234309	0
276	0.0233856	0
277	0.0233556	0
278	0.0233331	0
279	0.0233038	0
280	0.023278	0
281	0.0232528	0
282	0.0232226	0
283	0.023183	0
284	0.023136	0
285	0.0230896	0
286	0.0230463	0
287	0.0230041	0
288	0.0229596	0
289	0.022913	0
290	0.022866	0
291	0.0228175	0
292	0.022761	0
293	0.0227003	0
294	0.0226518	0
295	0.0226044	0
296	0.0225531	0
297	0.0224913	0
298	0.0224277	0
299	0.0223667	0
300	0.0223067	0
301	0.0222507	0
302	0.0221983	0
303	0.0221472	0
304	0.022095	0
305	0.0220426	0
306	0.0219922	0
307	0.021944	0
308	0.0218963	0
309	0.0218479	0
310	0.0217998	0
311	0.0217531	0
312	0.0217078	0
313	0.0216627	0
314	0.0216173	0
315	0.0215723	0
316	0.0215283	0
317	0.021485	0
318	0.0214418	0
319	0.0213988	0
320	0.0213563	0
321	0.0213148	0
322	0.0212741	0
323	0.0212341	0
324	0.0211953	0
325	0.0211585	0
326	0.0211251	0
327	0.0210981	0
328	0.021086	0
329	0.0211039	0
330	0.0211362	0
331	0.0211385	0
332	0.0211185	0
333	0.0210964	0
334	0.0210711	0
335	0.0210431	0
336	0.0210147	0
337	0.0209857	0
338	0.0209566	0
339	0.0209287	0
340	0.0209031	0
341	0.0208779	0
342	0.0208487	0
343	0.0208142	0
344	0.020778	0
345	0.0207434	0
346	0.0207101	0
347	0.0206764	0
348	0.0206419	0
349	0.0206077	0
350	0.0205746	0
351	0.0205429	0
352	0.020512	0
353	0.0204816	0
354	0.0204502	0
355	0.0204097	0
356	0.0203172	0
357	0.0202684	0
358	0.0202683	0
359	0.0202051	0
360	0.0201653	0
361	0.0201278	0
362	0.0200847	0
363	0.0200449	0
364	0.0200099	0
365	0.0199788	0
366	0.0199495	0
367	0.0199195	0
368	0.0198875	0
369	0.0198545	0
370	0.0198226	0
371	0.0197926	0
372	0.0197634	0
373	0.0197341	0
374	0.0197051	0
375	0.0196771	0
376	0.0196504	0
377	0.0196246	0
378	0.0195993	0
379	0.0195747	0
380	0.0195512	0
381	0.0195286	0
382	0.0195067	0
383	0.0194853	0
384	0.0194643	0
385	0.0194439	0
386	0.0194239	0
387	0.019404	0
388	0.019384	0
389	0.019364	0
390	0.019344	0
391	0.0193242	0
392	0.0193046	0
393	0.0192855	0
394	0.0192672	0
395	0.0192495	0
396	0.0192325	0
397	0.019216	0
398	0.0191999	0
399	0.019184	0
400	0.0191678	0
401	0.0191514	0
402	0.0191352	0
403	0.0191205	0
404	0.0191091	0
405	0.0191019	0
406	0.0190977	0
407	0.0190914	0
408	0.0190799	0
409	0.0190647	0
410	0.0190486	0
411	0.019033	0
412	0.0190187	0
413	0.019007	0
414	0.0189997	0
415	0.018999	0
416	0.0190054	0
417	0.0190101	0
418	0.0189978	0
419	0.0189682	0
420	0.0189419	0
421	0.0189306	0
422	0.0189213	0
423	0.0189009	0
424	0.0188836	0
425	0.0188894	0
426	0.018904	0
427	0.0188923	0
428	0.0188535	0
429	0.0188178	0
430	0.0187986	0
431	0.0187795	0
432	0.0187484	0
433	0.0187196	0
434	0.01871	0
435	0.0187173	0
436	0.0187456	0
437	0.0187976	0
438	0.0187739	0
439	0.0186542	0
440	0.0185943	0
441	0.0185797	0
442	0.018581	0
443	0.0185771	0
444	0.0185504	0
445	0.0185062	0
446	0.0184703	0
447	0.0184591	0
448	0.0184674	0
449	0.0185135	0
450	0.0185385	0
451	0.0184864	0
452	0.0184359	0
453	0.0183909	0
454	0.0183447	0
455	0.0183116	0
456	0.0182974	0
457	0.0182839	0
458	0.018249	0
459	0.0181992	0
460	0.0181557	0
461	0.0181156	0
462	0.0180542	0
463	0.0179772	0
464	0.017928	0
465	0.0178898	0
466	0.0178529	0
467	0.0178133	0
468	0.0177703	0
469	0.0177318	0
470	0.0176955	0
471	0.0176482	0
472	0.0175881	0
473	0.0175292	0
474	0.0174743	0
475	0.0174286	0
476	0.0173911	0
477	0.0173554	0
478	0.0173285	0
479	0.0173076	0
480	0.017286	0
481	0.0172578	0
482	0.0172264	0
483	0.0171991	0
484	0.0171779	0
485	0.0171604	0
486	0.0171499	0
487	0.017133	0
488	0.0170758	0
489	0.0170191	0
490	0.0169802	0
491	0.0169519	0
492	0.016921	0
493	0.0168847	0
494	0.0168444	0
495	0.0168055	0
496	0.0167741	0
497	0.0167511	0
498	0.0167356	0
499	0.0167304	0
500	0.0167468	0