Iteration	 Training error	 Validation error 
1	0.0466874	0
2	0.0270738	0
3	0.0182432	0
4	0.014272	0
5	0.0119706	0
6	0.0103834	0
7	0.00919299	0
8	0.00825809	0
9	0.00750092	0
10	0.00687349	0
11	0.00634414	0
12	0.00589099	0
13	0.00549834	0
14	0.00515461	0
15	0.00485106	0
16	0.00458093	0
17	0.00433893	0
18	0.00412083	0
19	0.00392323	0
20	0.00374334	0
21	0.00357888	0
22	0.00342794	0
23	0.0032889	0
24	0.0031604	0
25	0.0030413	0
26	0.00293059	0
27	0.00282742	0
28	0.00273104	0
29	0.00264081	0
30	0.00255615	0
31	0.00247657	0
32	0.00240163	0
33	0.00233093	0
34	0.00226412	0
35	0.00220089	0
36	0.00214097	0
37	0.00208411	0
38	0.00203006	0
39	0.00197865	0
40	0.00192967	0
41	0.00188295	0
42	0.00183836	0
43	0.00179574	0
44	0.00175497	0
45	0.00171594	0
46	0.00167853	0
47	0.00164265	0
48	0.0016082	0
49	0.00157511	0
50	0.00154329	0
51	0.00151268	0
52	0.00148321	0
53	0.00145481	0
54	0.00142743	0
55	0.00140101	0
56	0.00137551	0
57	0.00135088	0
58	0.00132708	0
59	0.00130406	0
60	0.0012818	0
61	0.00126024	0
62	0.00123936	0
63	0.00121914	0
64	0.00119953	0
65	0.00118051	0
66	0.00116206	0
67	0.00114415	0
68	0.00112676	0
69	0.00110986	0
70	0.00109344	0
71	0.00107748	0
72	0.00106195	0
73	0.00104684	0
74	0.00103214	0
75	0.00101782	0
76	0.00100388	0
77	0.000990291	0
78	0.000977051	0
79	0.000964143	0
80	0.000951556	0
81	0.000939277	0
82	0.000927296	0
83	0.000915601	0
84	0.000904184	0
85	0.000893034	0
86	0.000882143	0
87	0.000871501	0
88	0.000861101	0
89	0.000850933	0
90	0.000840991	0
91	0.000831268	0
92	0.000821756	0
93	0.000812448	0
94	0.000803339	0
95	0.000794422	0
96	0.000785691	0
97	0.00077714	0
98	0.000768764	0
99	0.000760558	0
100	0.000752517	0
101	0.000744636	0
102	0.00073691	0
103	0.000729334	0
104	0.000721906	0
105	0.000714619	0
106	0.000707471	0
107	0.000700458	0
108	0.000693575	0
109	0.00068682	0
110	0.000680189	0
111	0.000673678	0
112	0.000667284	0
113	0.000661005	0
114	0.000654837	0
115	0.000648777	0
116	0.000642823	0
117	0.000636972	0
118	0.000631221	0
119	0.000625568	0
120	0.00062001	0
121	0.000614545	0
122	0.000609171	0
123	0.000603886	0
124	0.000598687	0
125	0.000593572	0
126	0.00058854	0
127	0.000583588	0
128	0.000578714	0
129	0.000573917	0
130	0.000569196	0
131	0.000564547	0
132	0.00055997	0
133	0.000555463	0
134	0.000551024	0
135	0.000546653	0
136	0.000542346	0
137	0.000538104	0
138	0.000533924	0
139	0.000529805	0
140	0.000525747	0
141	0.000521747	0
142	0.000517804	0
143	0.000513917	0
144	0.000510086	0
145	0.000506309	0
146	0.000502584	0
147	0.000498911	0
148	0.000495288	0
149	0.000491716	0
150	0.000488192	0
151	0.000484715	0
152	0.000481285	0
153	0.000477902	0
154	0.000474562	0
155	0.000471268	0
156	0.000468016	0
157	0.000464806	0
158	0.000461638	0
159	0.000458511	0
160	0.000455424	0
161	0.000452376	0
162	0.000449367	0
163	0.000446396	0
164	0.000443461	0
165	0.000440563	0
166	0.000437701	0
167	0.000434874	0
168	0.000432081	0
169	0.000429323	0
170	0.000426597	0
171	0.000423904	0
172	0.000421244	0
173	0.000418615	0
174	0.000416017	0
175	0.000413449	0
176	0.000410911	0
177	0.000408403	0
178	0.000405924	0
179	0.000403473	0
180	0.00040105	0
181	0.000398655	0
182	0.000396286	0
183	0.000393945	0
184	0.000391629	0
185	0.000389339	0
186	0.000387075	0
187	0.000384835	0
188	0.00038262	0
189	0.000380429	0
190	0.000378262	0
191	0.000376118	0
192	0.000373997	0
193	0.000371899	0
194	0.000369823	0
195	0.000367769	0
196	0.000365736	0
197	0.000363725	0
198	0.000361734	0
199	0.000359765	0
200	0.000357815	0
201	0.000355886	0
202	0.000353976	0
203	0.000352085	0
204	0.000350214	0
205	0.000348362	0
206	0.000346528	0
207	0.000344712	0
208	0.000342914	0
209	0.000341135	0
210	0.000339372	0
211	0.000337627	0
212	0.000335899	0
213	0.000334187	0
214	0.000332492	0
215	0.000330814	0
216	0.000329151	0
217	0.000327504	0
218	0.000325873	0
219	0.000324257	0
220	0.000322657	0
221	0.000321071	0
222	0.0003195	0
223	0.000317944	0
224	0.000316402	0
225	0.000314874	0
226	0.00031336	0
227	0.00031186	0
228	0.000310373	0
229	0.0003089	0
230	0.00030744	0
231	0.000305994	0
232	0.00030456	0
233	0.000303139	0
234	0.00030173	0
235	0.000300334	0
236	0.00029895	0
237	0.000297578	0
238	0.000296218	0
239	0.00029487	0
240	0.000293534	0
241	0.000292209	0
242	0.000290895	0
243	0.000289592	0
244	0.000288301	0
245	0.00028702	0
246	0.000285751	0
247	0.000284492	0
248	0.000283243	0
249	0.000282005	0
250	0.000280777	0
251	0.000279559	0
252	0.000278351	0
253	0.000277153	0
254	0.000275965	0
255	0.000274787	0
256	0.000273618	0
257	0.000272458	0
258	0.000271308	0
259	0.000270167	0
260	0.000269035	0
261	0.000267912	0
262	0.000266798	0
263	0.000265693	0
264	0.000264597	0
265	0.000263509	0
266	0.000262429	0
267	0.000261358	0
268	0.000260296	0
269	0.000259241	0
270	0.000258194	0
271	0.000257156	0
272	0.000256125	0
273	0.000255103	0
274	0.000254088	0
275	0.000253081	0
276	0.000252081	0
277	0.000251089	0
278	0.000250104	0
279	0.000249126	0
280	0.000248156	0
281	0.000247193	0
282	0.000246237	0
283	0.000245288	0
284	0.000244346	0
285	0.000243411	0
286	0.000242483	0
287	0.000241561	0
288	0.000240646	0
289	0.000239738	0
290	0.000238836	0
291	0.00023794	0
292	0.000237051	0
293	0.000236168	0
294	0.000235292	0
295	0.000234422	0
296	0.000233557	0
297	0.000232699	0
298	0.000231847	0
299	0.000231001	0
300	0.00023016	0
301	0.000229326	0
302	0.000228497	0
303	0.000227674	0
304	0.000226856	0
305	0.000226044	0
306	0.000225238	0
307	0.000224437	0
308	0.000223641	0
309	0.000222851	0
310	0.000222066	0
311	0.000221286	0
312	0.000220512	0
313	0.000219742	0
314	0.000218978	0
315	0.000218219	0
316	0.000217465	0
317	0.000216716	0
318	0.000215971	0
319	0.000215232	0
320	0.000214497	0
321	0.000213767	0
322	0.000213042	0
323	0.000212322	0
324	0.000211606	0
325	0.000210895	0
326	0.000210188	0
327	0.000209486	0
328	0.000208788	0
329	0.000208094	0
330	0.000207405	0
331	0.000206721	0
332	0.00020604	0
333	0.000205364	0
334	0.000204692	0
335	0.000204025	0
336	0.000203361	0
337	0.000202702	0
338	0.000202046	0
339	0.000201395	0
340	0.000200748	0
341	0.000200104	0
342	0.000199465	0
343	0.000198829	0
344	0.000198197	0
345	0.000197569	0
346	0.000196945	0
347	0.000196325	0
348	0.000195708	0
349	0.000195095	0
350	0.000194486	0
351	0.00019388	0
352	0.000193278	0
353	0.000192679	0
354	0.000192084	0
355	0.000191492	0
356	0.000190904	0
357	0.00019032	0
358	0.000189738	0
359	0.00018916	0
360	0.000188586	0
361	0.000188015	0
362	0.000187447	0
363	0.000186882	0
364	0.00018632	0
365	0.000185762	0
366	0.000185207	0
367	0.000184655	0
368	0.000184106	0
369	0.000183561	0
370	0.000183018	0
371	0.000182479	0
372	0.000181942	0
373	0.000181409	0
374	0.000180878	0
375	0.00018035	0
376	0.000179826	0
377	0.000179304	0
378	0.000178785	0
379	0.000178269	0
380	0.000177756	0
381	0.000177246	0
382	0.000176738	0
383	0.000176233	0
384	0.000175731	0
385	0.000175232	0
386	0.000174735	0
387	0.000174241	0
388	0.00017375	0
389	0.000173261	0
390	0.000172775	0
391	0.000172291	0
392	0.000171811	0
393	0.000171332	0
394	0.000170856	0
395	0.000170383	0
396	0.000169912	0
397	0.000169444	0
398	0.000168978	0
399	0.000168515	0
400	0.000168054	0
401	0.000167595	0
402	0.000167139	0
403	0.000166685	0
404	0.000166233	0
405	0.000165784	0
406	0.000165337	0
407	0.000164893	0
408	0.00016445	0
409	0.00016401	0
410	0.000163573	0
411	0.000163137	0
412	0.000162704	0
413	0.000162272	0
414	0.000161843	0
415	0.000161416	0
416	0.000160992	0
417	0.000160569	0
418	0.000160149	0
419	0.00015973	0
420	0.000159314	0
421	0.0001589	0
422	0.000158488	0
423	0.000158078	0
424	0.000157669	0
425	0.000157263	0
426	0.000156859	0
427	0.000156457	0
428	0.000156057	0
429	0.000155659	0
430	0.000155262	0
431	0.000154868	0
432	0.000154475	0
433	0.000154085	0
434	0.000153696	0
435	0.000153309	0
436	0.000152924	0
437	0.000152541	0
438	0.00015216	0
439	0.000151781	0
440	0.000151403	0
441	0.000151027	0
442	0.000150653	0
443	0.000150281	0
444	0.00014991	0
445	0.000149541	0
446	0.000149174	0
447	0.000148809	0
448	0.000148445	0
449	0.000148083	0
450	0.000147723	0
451	0.000147364	0
452	0.000147007	0
453	0.000146652	0
454	0.000146298	0
455	0.000145946	0
456	0.000145595	0
457	0.000145246	0
458	0.000144899	0
459	0.000144553	0
460	0.000144209	0
461	0.000143867	0
462	0.000143526	0
463	0.000143186	0
464	0.000142848	0
465	0.000142512	0
466	0.000142177	0
467	0.000141844	0
468	0.000141512	0
469	0.000141181	0
470	0.000140852	0
471	0.000140525	0
472	0.000140199	0
473	0.000139874	0
474	0.000139551	0
475	0.000139229	0
476	0.000138909	0
477	0.00013859	0
478	0.000138272	0
479	0.000137956	0
480	0.000137641	0
481	0.000137328	0
482	0.000137016	0
483	0.000136705	0
484	0.000136396	0
485	0.000136088	0
486	0.000135781	0
487	0.000135476	0
488	0.000135172	0
489	0.000134869	0
490	0.000134568	0
491	0.000134267	0
492	0.000133968	0
493	0.000133671	0
494	0.000133374	0
495	0.000133079	0
496	0.000132785	0
497	0.000132493	0
498	0.000132201	0
499	0.000131911	0
500	0.000131622	0